-5.961752905163359983e+00
-6.236826397223730112e+00
-6.172417665272551091e+00
-5.865472839541253869e+00
-5.477692038931094132e+00
-5.058772784946230061e+00
-4.578980941548410399e+00
-4.050163897992097972e+00
-3.589274231178090080e+00
-3.383860132849436209e+00
-3.362311913138753550e+00
-3.412931415020595605e+00
-3.323494671140414969e+00
-3.249452207552586458e+00
-3.180587037837969699e+00
-3.142066695819943689e+00
-3.142709867877806484e+00
-3.132655612366476827e+00
-3.127563357632849872e+00
-3.118594533516900302e+00
