-6.555908298325499928e+00
-6.652389136058888930e+00
-6.350566661610972830e+00
-5.913226901947703951e+00
-5.445500110578648467e+00
-4.931176800780358249e+00
-4.379475082467403801e+00
-3.796986229075585584e+00
-3.211661902396875323e+00
-2.703837279077252465e+00
-2.548301006365806920e+00
-2.624364607490800250e+00
-2.752352766187224020e+00
-2.875660295324039772e+00
-2.998064162733760085e+00
-3.117547829099440282e+00
-3.233198453006241646e+00
-3.339845345196136961e+00
-3.427504995093413331e+00
-3.494946972085691606e+00
