-5.961752905163359983e+00
-6.236826397223730112e+00
-6.172417665272551091e+00
-5.865472839541253869e+00
-5.477692038931094132e+00
-5.058772784946230061e+00
-4.578980941548410399e+00
-4.050163897992097972e+00
-3.589274231178090080e+00
-3.383860132849436209e+00
-3.362311913138753550e+00
-3.412931415020595605e+00
-3.323494671140414969e+00
-3.249452207613509724e+00
-3.180587567099747215e+00
-3.142106910305030532e+00
-3.143006924960766391e+00
-3.132785796284883073e+00
-3.127575217535297991e+00
-3.118597257967964165e+00
