-6.555907921548670636e+00
-6.652388452610113134e+00
-6.350564933695877379e+00
-5.913220304573526320e+00
-5.445477204573374586e+00
-4.931111783728253428e+00
-4.379311263467597470e+00
-3.796273675224306476e+00
-3.208502832093460544e+00
-2.695854081039718686e+00
-2.542940879426315526e+00
-2.623183077264832797e+00
-2.752198013114790065e+00
-2.875619162663170858e+00
-2.998051331174605760e+00
-3.117543475135801323e+00
-3.233197030757606338e+00
-3.339844959398669655e+00
-3.427504933410466137e+00
-3.494946982189815365e+00
