-5.961723685157097385e+00
-6.236777756877285306e+00
-6.172369640045800132e+00
-5.865404241963955378e+00
-5.477514955079294090e+00
-5.058500290107636133e+00
-4.578275285530485128e+00
-4.049196510936120319e+00
-3.586984967186317430e+00
-3.382401176433101231e+00
-3.361706017662188017e+00
-3.412627608695031345e+00
-3.323226587117962705e+00
-3.249200935949602798e+00
-3.180237405211267632e+00
-3.141730388920187522e+00
-3.142643998354686552e+00
-3.132677658374824148e+00
-3.127567442365259520e+00
-3.118597097080937797e+00
