-6.555907842677142661e+00
-6.652388373487350570e+00
-6.350564893919656839e+00
-5.913220540267261960e+00
-5.445478814902043219e+00
-4.931117675556428992e+00
-4.379328159586049374e+00
-3.796353832167187026e+00
-3.208902119617071058e+00
-2.697050827338548729e+00
-2.543823192764707031e+00
-2.623319450821802512e+00
-2.752214235010089993e+00
-2.875622891406533377e+00
-2.998052175611352066e+00
-3.117543567593928699e+00
-3.233196936329382432e+00
-3.339844851514559565e+00
-3.427504860944548426e+00
-3.494946944528386723e+00
