-3.168905043025668000e+00
-2.056642777062235972e+00
-3.794936111725853767e+00
-4.057711039862706315e+00
-4.406796257583473597e+00
-4.526894931666546107e+00
-4.601455661884858550e+00
-4.656251600801655677e+00
-4.866779639297543980e+00
-4.915331746698536008e+00
-4.986145170727720455e+00
-3.959021122119183556e+00
-4.220427762115992465e+00
-4.471854986515427122e+00
-4.515412290061710188e+00
-4.696909702237147322e+00
-4.781223617930140612e+00
-4.864184081677027649e+00
-4.891403506352825836e+00
-5.010441205372699436e+00
-3.589486299083597398e+00
-3.752058791679973027e+00
-4.276017893569146189e+00
-4.465001319422092330e+00
-4.322630887245285436e+00
-4.686738930424809269e+00
-4.789351229088325113e+00
-4.763034110511367381e+00
-4.880704097770736993e+00
