-3.603189453504716422e+00
-3.194331977063546102e+00
-3.454327919627095067e+00
-3.664299731135048255e+00
-3.985361582953056203e+00
-4.196415917885127023e+00
-4.288884721114050613e+00
-4.348738629431797342e+00
-4.534617522766822617e+00
-4.612692356319120890e+00
-4.677298470428123522e+00
-3.719982679183174934e+00
-3.853752986615245568e+00
-4.155373120072100690e+00
-4.145523464520537438e+00
-4.401862291722167697e+00
-4.390141168722814236e+00
-4.547965925629606332e+00
-4.569550523972951694e+00
-4.702651924799717165e+00
-3.204873870562123361e+00
-3.345134882573556734e+00
-3.991999737927817815e+00
-4.128385405184272550e+00
-3.965482861178683649e+00
-4.318408208191959474e+00
-4.412590710064819177e+00
-4.435830810113029266e+00
-4.545834528660470220e+00
