-2.485447037700812434e+00
-2.721490084237581542e+00
-2.360944778015162449e+00
-1.849261119130895858e+00
-1.228486134023743404e+00
-5.993848445593159546e-01
-5.644612607043802965e-02
4.103813065454188225e-01
7.941674932714684054e-01
1.126936158654299192e+00
1.269696856992754030e+00
1.238817707471021157e+00
1.103933058892214270e+00
9.468400940049643832e-01
7.992986874427461252e-01
5.735043831336621434e-01
5.069201904243114676e-01
4.649707248023134398e-01
4.751969920428965599e-01
4.809222381089125475e-01
