-5.091267543633749559e-01 -2.063358133107889181e+00 -2.826475414371670603e+00 -3.266168041582306003e+00 -3.905707819409365289e+00 -4.223015793565373599e+00 -4.273496124848461086e+00 -4.184413436958076105e+00 -4.158245716706799655e+00 -4.150061894594862189e+00 -4.073364447024839130e+00 -3.929878374618174686e+00 -3.749606844794254545e+00 -3.534517248482575980e+00 -3.301020625389628371e+00 -3.066199773126664585e+00 -2.821975825459806853e+00
-6.027262773529528106e-01 -2.153384196125962102e+00 -2.908045693054527980e+00 -3.331448378638614205e+00 -3.840836984150698630e+00 -4.102824918409011090e+00 -4.154685119194786225e+00 -4.079095306179937097e+00 -3.974570469391038419e+00 -3.888277437663246072e+00 -3.782259098097803918e+00 -3.631752998887422201e+00 -3.443305793700231376e+00 -3.222477625900815212e+00 -2.989781237968192951e+00 -2.756299960421834339e+00 -2.507342071205507228e+00
-5.744106286669030670e-01 -2.101635085024630811e+00 -2.861732984173352978e+00 -3.262966066513363295e+00 -3.681292784217040204e+00 -3.929847033655592625e+00 -3.970865040718331684e+00 -3.889697761281959210e+00 -3.761267783870298587e+00 -3.621024840293306735e+00 -3.478533530899154957e+00 -3.300891614026804533e+00 -3.097796614393853343e+00 -2.877259271599721835e+00 -2.649783145804311069e+00 -2.401696451185282744e+00 -2.161280236310910929e+00
-7.735245012854734536e-01 -2.041624104138147100e+00 -2.781368610274794761e+00 -3.204165497723923561e+00 -3.558041752210379549e+00 -3.753418047067985430e+00 -3.775609338053177222e+00 -3.688991714872480454e+00 -3.551786142996759210e+00 -3.384596809683837026e+00 -3.206247155160506068e+00 -3.010632950156579835e+00 -2.795568130986612054e+00 -2.569946623041659883e+00 -2.335363131993915431e+00 -2.087940970442675237e+00 -1.849525974930448236e+00
-1.865258474928607857e+00 -2.199490503709962130e+00 -2.756855333798211571e+00 -3.157987922859561980e+00 -3.448043498419696817e+00 -3.586568860114883517e+00 -3.595697224155233851e+00 -3.506950735839893252e+00 -3.362246614338075368e+00 -3.181565581185105351e+00 -2.984715698039050569e+00 -2.777398628068066699e+00 -2.558819627468434721e+00 -2.323406712490637016e+00 -2.081811297526241500e+00 -1.844522672343222425e+00 -1.590365733288149341e+00
-2.503348053077378399e+00 -2.680470146354573924e+00 -2.888799581348892254e+00 -3.164763200669829857e+00 -3.359650297074762371e+00 -3.447762597973461407e+00 -3.424330861707107321e+00 -3.327099303857665724e+00 -3.174824568076030307e+00 -2.990395207226248520e+00 -2.791544652623896727e+00 -2.578730977082660303e+00 -2.356710750919234432e+00 -2.117066455940203262e+00 -1.877339465859315437e+00 -1.636270864340233722e+00 -1.384288732618198070e+00
-2.868948447758003617e+00 -2.989118844967339150e+00 -3.093573050459435425e+00 -3.247534072743808675e+00 -3.332546119313659627e+00 -3.341056001137658882e+00 -3.273501561787004910e+00 -3.159692460425707061e+00 -2.999736294396394332e+00 -2.822557027682340625e+00 -2.624418669202467136e+00 -2.407628652654743018e+00 -2.180902126100293437e+00 -1.951128247920073555e+00 -1.702284198110922686e+00 -1.461338386823746394e+00 -1.210328975200575696e+00
-3.094219093425753186e+00 -3.170085873103915652e+00 -3.238011385194564440e+00 -3.293085686400445411e+00 -3.299033166275607609e+00 -3.248591294519857176e+00 -3.139888493364012767e+00 -2.993724339122598277e+00 -2.838844479747510974e+00 -2.659599596210794559e+00 -2.463047504361544959e+00 -2.253286074560644892e+00 -2.023654088219186242e+00 -1.786402831611795250e+00 -1.551843190247895521e+00 -1.300026230993446275e+00 -1.058140692302378172e+00
-3.167791695407816466e+00 -3.197793902246020892e+00 -3.227281985556762933e+00 -3.233752185233971232e+00 -3.184576413061395606e+00 -3.087334626378056779e+00 -2.958062570195918894e+00 -2.797358022868881466e+00 -2.635974312638787342e+00 -2.457826905314694610e+00 -2.262534075300800751e+00 -2.053961333510751608e+00 -1.826015519577244506e+00 -1.588804057801123104e+00 -1.354127668134162077e+00 -1.103323580183275698e+00 -8.607708900062535085e-01
-3.047793413701170628e+00 -3.054549465373286754e+00 -3.054650192147173815e+00 -3.025326513709334364e+00 -2.956382970468447891e+00 -2.840984488986466605e+00 -2.687722311825261556e+00 -2.528362915722198956e+00 -2.360198236890126644e+00 -2.178638309187084676e+00 -1.984896463097745700e+00 -1.776034555997228592e+00 -1.556203554051454052e+00 -1.317985505564141180e+00 -1.077131206375097960e+00 -8.366444593524987594e-01 -5.848079137583589437e-01
-2.767234714357692749e+00 -2.763644968195686946e+00 -2.752076088180784197e+00 -2.703061091735022625e+00 -2.619459332270870355e+00 -2.492049936672346089e+00 -2.347769520990019121e+00 -2.175868984287871566e+00 -2.004629773952981253e+00 -1.831562841666749097e+00 -1.643162710237402013e+00 -1.431572838673786707e+00 -1.204446215944810383e+00 -9.727047878282977234e-01 -7.354947402730666051e-01 -4.863290319745525170e-01 -2.474639828748675385e-01
-2.394101754552294459e+00 -2.383257790893756667e+00 -2.363774196134156735e+00 -2.309707959443366487e+00 -2.218526289241109950e+00 -2.086936061936345510e+00 -1.937337452702322604e+00 -1.768430854686499076e+00 -1.595929091587394488e+00 -1.422676329032495302e+00 -1.236017662409546247e+00 -1.027046066822884018e+00 -8.018945415120048992e-01 -5.712188071307578996e-01 -3.337034785429446870e-01 -8.529469365146748194e-02 1.536068249019383047e-01
-1.970629785163193315e+00 -1.958067412350871006e+00 -1.929448043498360521e+00 -1.872369804145323391e+00 -1.775839145857313506e+00 -1.649404313756364315e+00 -1.486055480688968533e+00 -1.321440947305872804e+00 -1.155886725074498633e+00 -9.770196007280084194e-01 -7.879701359555241202e-01 -5.828981386324129099e-01 -3.647738069218811052e-01 -1.335417540320472385e-01 1.104944637643524852e-01 3.479723029371560861e-01 6.011033189859829040e-01
-1.510924330414448402e+00 -1.492705900248672446e+00 -1.466366197520890147e+00 -1.405373712161126942e+00 -1.307541358210422944e+00 -1.174957103410966930e+00 -1.018341932620146828e+00 -8.560132536234753564e-01 -6.821271356093028260e-01 -5.083102757789811355e-01 -3.236050591807283494e-01 -1.182382488064165904e-01 1.037885154297107371e-01 3.327258459776141208e-01 5.706537384075699437e-01 8.183760561823928414e-01 1.057463275896707966e+00
-1.040331065898924212e+00 -1.016587485399786939e+00 -9.847427344174648489e-01 -9.283148295586403087e-01 -8.294656038002290455e-01 -6.912984223957331364e-01 -5.409407444015504884e-01 -3.703531068627033407e-01 -1.992509084807282393e-01 -3.015142460934576094e-02 1.516966241340598209e-01 3.557391741648789907e-01 5.813452797137929062e-01 8.149004099381177424e-01 1.048892690634043889e+00 1.297113824986839026e+00 1.541637244552795716e+00
-5.536835804083649615e-01 -5.322068725779413034e-01 -4.961379260527919999e-01 -4.432615587760139197e-01 -3.436693505866583176e-01 -2.014307652336444487e-01 -5.142143628231184149e-02 1.209976738576687694e-01 2.899433182549921995e-01 4.548673805533810510e-01 6.439191239346470086e-01 8.469953518390053171e-01 1.065046280906858822e+00 1.302982124148035936e+00 1.539942765917436507e+00 1.781974652068029075e+00 2.031706873103908961e+00
-5.960686590839671395e-02 -4.188589467711682779e-02 -3.017680792843903392e-03 5.016709325363435251e-02 1.502110976558206079e-01 2.924909950088595556e-01 4.445508990601672039e-01 6.161534097006995392e-01 7.826728675154279724e-01 9.511552562368517094e-01 1.139646634597541563e+00 1.342591269798505627e+00 1.558483131703990443e+00 1.795009036641839195e+00 2.034609137785968080e+00 2.271203368027340908e+00 2.525514926562700158e+00
