-6.633070706958045015e+00
-6.589230498059010621e+00
-6.198687061780673524e+00
-5.371004377386825901e+00
-4.483613092264664424e+00
-3.868724341152144142e+00
-3.534806665294601746e+00
-3.445916729487298102e+00
-3.469641013472513968e+00
-3.560914281694570693e+00
-3.675093149227053768e+00
-3.797529632796698085e+00
-3.912626561797752256e+00
-3.999847255611690411e+00
-4.058117539488892866e+00
-4.081516220213682544e+00
-4.090147698401910503e+00
-4.090337466005880884e+00
-4.087855718632935620e+00
-4.084742381076376105e+00
