-6.491032681034945018e-01 -2.196791193739164871e+00 -3.005596580090217795e+00 -3.681096911422422124e+00 -4.227819393136128312e+00 -4.488448026551203895e+00 -4.596215006438078454e+00 -4.679304055430772102e+00 -4.755390979218363512e+00 -4.755002335311741213e+00 -4.665544815082917296e+00 -4.511772889207775528e+00 -4.319228409755248244e+00 -4.100369927423213490e+00 -3.870182101911731287e+00 -3.632533298079555273e+00 -3.385218112105027988e+00
-7.608631638126037711e-01 -2.308754226028180145e+00 -3.121877398456718744e+00 -3.765947374657883984e+00 -4.281966863498680276e+00 -4.537208215736541206e+00 -4.606740686928859851e+00 -4.609335657913341322e+00 -4.593145885873378020e+00 -4.542064339130554629e+00 -4.422391208934955742e+00 -4.257349486593581922e+00 -4.056782191782954072e+00 -3.835751795082502635e+00 -3.598042103180407292e+00 -3.360161555282153767e+00 -3.113247141038181898e+00
-7.713149844304970637e-01 -2.307039584234080731e+00 -3.146841123734876344e+00 -3.752060326291140502e+00 -4.209918350606902671e+00 -4.452718758250275854e+00 -4.522258278210494531e+00 -4.499196582313157222e+00 -4.436443679874705559e+00 -4.333956882288393153e+00 -4.183860263851821415e+00 -3.997602990217766106e+00 -3.787369548817444809e+00 -3.562874098978408011e+00 -3.325907106520677559e+00 -3.081601678200126759e+00 -2.840402887857595093e+00
-1.293074432821823549e+00 -2.381137829953771767e+00 -3.173932648459413919e+00 -3.734002744389858020e+00 -4.143225986200045341e+00 -4.369778426672128901e+00 -4.452464596254507079e+00 -4.424869999788172414e+00 -4.331040176647920958e+00 -4.201141004826881797e+00 -4.034322357739942966e+00 -3.834838094007382736e+00 -3.612184983936329807e+00 -3.379770399160984873e+00 -3.145504789701436099e+00 -2.895244113561647126e+00 -2.652919607071702934e+00
-2.333579621218698552e+00 -2.829414621369493954e+00 -3.357593554178211814e+00 -3.775470057465561080e+00 -4.090911003272372781e+00 -4.289368015262256861e+00 -4.363705410103430715e+00 -4.334935732585271317e+00 -4.244126291582685617e+00 -4.094433155794039436e+00 -3.915476862725217888e+00 -3.708608847997197699e+00 -3.484568618642103210e+00 -3.253823684878891065e+00 -3.008834816216008790e+00 -2.765494788048150188e+00 -2.517406983908146323e+00
-2.982779510661440092e+00 -3.309132383449168824e+00 -3.647419181078826345e+00 -3.911134950530290588e+00 -4.105047447062596611e+00 -4.238248755241706078e+00 -4.277674299099444966e+00 -4.243681069514369852e+00 -4.145234114155076810e+00 -3.992648931220784014e+00 -3.811131383738019185e+00 -3.602787843158672398e+00 -3.378502443924090937e+00 -3.148292777365629291e+00 -2.901064848203087632e+00 -2.659044307305642896e+00 -2.408990270563064140e+00
-3.379642335855887580e+00 -3.653526631227414612e+00 -3.896262270619038848e+00 -4.070099379972885956e+00 -4.168066917044122910e+00 -4.219225845384094065e+00 -4.219051461802839853e+00 -4.163935400087605210e+00 -4.059067466023691395e+00 -3.907150667857171467e+00 -3.725983583485847017e+00 -3.516454926148957938e+00 -3.290342632039814141e+00 -3.058534024205567192e+00 -2.814319697769289252e+00 -2.569768274059400781e+00 -2.322833925774045571e+00
-3.623166069419591295e+00 -3.849736731376903975e+00 -4.033612724870792476e+00 -4.147529515227232011e+00 -4.182784043506216243e+00 -4.181983705183535349e+00 -4.150052136024212857e+00 -4.069997383646865252e+00 -3.956303994159343862e+00 -3.798081647931404792e+00 -3.612850954990356911e+00 -3.402438352485490203e+00 -3.177383238911662744e+00 -2.947118708402645559e+00 -2.699118896343915441e+00 -2.457602652040778324e+00 -2.206793311724685847e+00
-3.667928862174517413e+00 -3.853067651930877080e+00 -3.989178796880910038e+00 -4.065323547867860654e+00 -4.074952318543270557e+00 -4.050929057623354979e+00 -3.986524017653719110e+00 -3.895198754744461755e+00 -3.771581935965651944e+00 -3.611477266685549914e+00 -3.424071711816466301e+00 -3.211288752588352668e+00 -2.984313233415284206e+00 -2.752765942900976537e+00 -2.506129851582753698e+00 -2.263158719211865400e+00 -2.013864855995234127e+00
-3.514164318938969966e+00 -3.671937345323604607e+00 -3.785164139506124847e+00 -3.843345778588426409e+00 -3.837403196858402588e+00 -3.790926911231755181e+00 -3.722057278632905586e+00 -3.622389266035604294e+00 -3.489902379431789381e+00 -3.331168688575369963e+00 -3.143505939103546698e+00 -2.928558852212238772e+00 -2.698823176386930367e+00 -2.464954381641228487e+00 -2.222262210544008187e+00 -1.975850514130289115e+00 -1.730648140925564960e+00
-3.221844835868736379e+00 -3.365657562134053205e+00 -3.465668344429184256e+00 -3.504452673096464022e+00 -3.491434126068533317e+00 -3.448737257334766770e+00 -3.368024018825876542e+00 -3.264405254541913326e+00 -3.132311168905726362e+00 -2.967788850361442243e+00 -2.776402334628437441e+00 -2.566054401123854856e+00 -2.342830780335528384e+00 -2.100912961647270372e+00 -1.861854231922446923e+00 -1.614335637284852742e+00 -1.367970250703850033e+00
-2.846119428431182374e+00 -2.976095093281338144e+00 -3.069093932651301593e+00 -3.102041139602679021e+00 -3.085057533316252876e+00 -3.037109970886453514e+00 -2.956821281037674609e+00 -2.851513565012709250e+00 -2.712859975940554058e+00 -2.553802060797605300e+00 -2.362236499935086886e+00 -2.152916539024511522e+00 -1.923854143800199257e+00 -1.685876005811826506e+00 -1.449515247918360172e+00 -1.198444374730929907e+00 -9.554033445544326542e-01
-2.408125458024314547e+00 -2.545537134196974360e+00 -2.629989093560328950e+00 -2.661294016915028315e+00 -2.644968738558540533e+00 -2.584697721558089523e+00 -2.503104685837636456e+00 -2.395195550760290448e+00 -2.263455335004867841e+00 -2.097910171262563850e+00 -1.909123260908285102e+00 -1.697810925853439956e+00 -1.473157048179821960e+00 -1.241485810385184907e+00 -9.942354877958282655e-01 -7.536856266656245529e-01 -5.017410798112820203e-01
-1.951614695944551947e+00 -2.076295083593255431e+00 -2.163470392169784873e+00 -2.190081910723269409e+00 -2.170903466241262070e+00 -2.115121168942142305e+00 -2.036104193948862218e+00 -1.925863037002814693e+00 -1.788635563479551660e+00 -1.629102514778594690e+00 -1.442963730448704185e+00 -1.229792727849738032e+00 -1.000992400366320645e+00 -7.673831262572542444e-01 -5.260666921480786629e-01 -2.789676130663831799e-01 -3.512316411760332824e-02
-1.469918132091103224e+00 -1.595776717622480634e+00 -1.680412284696315650e+00 -1.708639266205192353e+00 -1.686809524446628128e+00 -1.635028449171669340e+00 -1.553016382287268904e+00 -1.445980071844451320e+00 -1.304700579247185521e+00 -1.148242824815427277e+00 -9.573844197567555891e-01 -7.490362368870183696e-01 -5.190826560280030755e-01 -2.823896158099670761e-01 -4.678146905301260039e-02 2.048640129075237071e-01 4.473592561080333430e-01
-9.809842758977335153e-01 -1.107791793984792994e+00 -1.190635522365190546e+00 -1.220022578381417366e+00 -1.196420690022337308e+00 -1.146883931237277388e+00 -1.060601724870188667e+00 -9.532918831748288246e-01 -8.144694074561074082e-01 -6.555878373377808099e-01 -4.651717188490411825e-01 -2.566470836813008471e-01 -3.022202252541942094e-02 2.084711886888322707e-01 4.456814471648367637e-01 6.948529318280041167e-01 9.400439383636267632e-01
-4.875024105462156809e-01 -6.149295504757198438e-01 -6.966892967560425198e-01 -7.267725246841991726e-01 -7.020907715060292764e-01 -6.511430833158665665e-01 -5.649984084471619816e-01 -4.574578462681645474e-01 -3.202288369634900822e-01 -1.598427581015900156e-01 3.029820550160896436e-02 2.389344497249870081e-01 4.629405191675292630e-01 7.030513232457625827e-01 9.418596237572078866e-01 1.188440591937242719e+00 1.435824813870319794e+00
