-3.599580855046041972e+00 -3.359180781811240912e+00 -3.156074980582090461e+00 -3.124939140546224792e+00 -3.185892183938603406e+00 -3.374553533408236827e+00 -3.547749064673427988e+00 -3.574320775568955888e+00 -3.524878418459021390e+00 -3.463553037114604827e+00 -3.383066725194460389e+00
-3.441216748872454545e+00 -3.190081902320124119e+00 -3.057243986576124950e+00 -3.144028665042311932e+00 -3.203310821039849543e+00 -3.283826413371470743e+00 -3.366065361472837747e+00 -3.366922689842889671e+00 -3.325456047930781978e+00 -3.296281890895547129e+00 -3.253103600835950626e+00
-3.278595677147603027e+00 -3.045365303887018094e+00 -2.952570925413517955e+00 -3.056735525432785927e+00 -3.113334672842097195e+00 -3.161979689333407340e+00 -3.191731905335802644e+00 -3.173021356475070665e+00 -3.147205985124389649e+00 -3.139796562017194148e+00 -3.097248636019000134e+00
-3.142245728853252817e+00 -2.939499607944918491e+00 -2.899883106470912963e+00 -2.984468318131404896e+00 -3.038672901770890888e+00 -3.065216407406826882e+00 -3.067284299486683352e+00 -3.038074109278097179e+00 -3.008737470558666693e+00 -2.996440406353251262e+00 -2.950286882191557325e+00
-3.001012394090076363e+00 -2.883890058478243645e+00 -2.892945363048422092e+00 -2.949743809018789076e+00 -2.972229309257273133e+00 -2.976966662233500038e+00 -2.956973808028431350e+00 -2.910652628510158824e+00 -2.875179763329533511e+00 -2.842467037699685228e+00 -2.763934359209933689e+00
-2.814049266480664002e+00 -2.758361864789759199e+00 -2.771474242430420176e+00 -2.796908198823503611e+00 -2.805460068089757453e+00 -2.791711803321916374e+00 -2.756961629839121297e+00 -2.702247614685948651e+00 -2.659014529380925751e+00 -2.600634132604686233e+00 -2.510964143038610263e+00
-2.531174769986120232e+00 -2.493624408483089638e+00 -2.506280045606198659e+00 -2.522416984371660398e+00 -2.519147731038125393e+00 -2.493389283460037298e+00 -2.451756843550512155e+00 -2.391992982304163462e+00 -2.346953192806654709e+00 -2.280990828415372373e+00 -2.189724116371436935e+00
-2.162211027724339374e+00 -2.139963775452061956e+00 -2.149977396622890335e+00 -2.156475811092148920e+00 -2.149147871144058364e+00 -2.114320836344271815e+00 -2.065172982531933599e+00 -2.006700973802723720e+00 -1.957988760056381006e+00 -1.895324768915409575e+00 -1.813827519261372423e+00
-1.741292752439649316e+00 -1.717238790192503917e+00 -1.726152194238340210e+00 -1.731509604636593869e+00 -1.717156248628903592e+00 -1.683096162711847477e+00 -1.633673018309152569e+00 -1.574104507882528425e+00 -1.523204573324868694e+00 -1.467485096956298696e+00 -1.394642257744961311e+00
-1.280462649902669670e+00 -1.264613511785571465e+00 -1.270408248353705805e+00 -1.272673393941987197e+00 -1.260441737784723237e+00 -1.224258778226539279e+00 -1.170075638326683709e+00 -1.111879519944081629e+00 -1.062592691478942974e+00 -1.007703063045668479e+00 -9.512854943398036944e-01
-8.050335518797224754e-01 -7.881701905719087353e-01 -7.941200421304560608e-01 -7.956291317211534597e-01 -7.810329059649951944e-01 -7.499501704110644873e-01 -6.903515208276632675e-01 -6.371361202438678983e-01 -5.824140532139050475e-01 -5.354674261354007703e-01 -4.789263236755253450e-01
