-5.728222737675594090e+00
-6.062709589617569783e+00
-6.066515619916157398e+00
-5.804326031386678686e+00
-5.328553388440948169e+00
-4.861414337436687383e+00
-4.422010464272582375e+00
-3.908327787009056919e+00
-3.467504797724112020e+00
-2.887660983388209424e+00
-2.569034990774251792e+00
-2.589834852198659831e+00
-2.660841956982239243e+00
-2.893167468343071480e+00
-2.934719213557058115e+00
-2.959246551042474582e+00
-3.051313971542723991e+00
-3.035121599334797082e+00
-3.062133206522862139e+00
-3.054536051155293919e+00
