-6.585215450951102945e+00
-6.863453628811764240e+00
-6.805699621735700866e+00
-6.490055044188879130e+00
-6.112483678217169647e+00
-5.651820077444754453e+00
-5.145317556661115788e+00
-4.530160981183886548e+00
-3.969579634933927181e+00
-3.315669394821339377e+00
-2.780377204854775908e+00
-2.906834943639554414e+00
-3.101306840678123233e+00
-3.238587538303854263e+00
-3.469183431045208987e+00
-3.549156857337459225e+00
-3.628181730320736875e+00
-3.676898311010199372e+00
-3.715890239743366852e+00
-3.713232072754842239e+00
