-3.784602288436800244e+00
-3.341597277922601972e+00
-2.767322956920513555e+00
-2.014103843087761803e+00
-1.328642316335004292e+00
-7.827697970507582204e-01
-4.673574870088600952e-01
-3.621466791978640298e-01
-3.854406365585312244e-01
-4.885114841027439758e-01
-6.391080880913254658e-01
-7.994271008787428023e-01
-9.741648007016753263e-01
-1.148272692947373219e+00
-1.293716210906914021e+00
-1.419881780993442755e+00
-1.509184546932011761e+00
-1.568386471884408273e+00
-1.599482114655659037e+00
-1.616271943749211459e+00
