-1.877745381765129951e+00
-1.654152816215167299e+00
-1.582607688793242762e+00
-1.266942562749518331e+00
-8.836064049097495099e-01
-4.550704191138649768e-01
-1.100187201842926510e-01
1.329585249859805141e-01
3.041405652892837375e-01
5.576722474614482783e-01
7.790916359927653190e-01
9.257326564954788672e-01
1.015124718256004144e+00
1.057511356993302121e+00
1.047801749350921741e+00
1.050733204334707516e+00
1.046296456354292026e+00
1.042482458573698478e+00
1.038134427226306888e+00
1.040472013646752902e+00
