-5.030770826012846086e+00
-5.344597009050488623e+00
-5.306843567872359557e+00
-5.017251225578814200e+00
-4.649609686887052895e+00
-4.250418669603434729e+00
-3.768050705116425370e+00
-3.238315109841554573e+00
-2.748990241156447301e+00
-2.363833556602277675e+00
-2.213926987414019276e+00
-2.335055596516626419e+00
-2.318787142278680324e+00
-2.280216066791787455e+00
-2.234706796395769413e+00
-2.209780077697654832e+00
-2.238238590509953774e+00
-2.251441171187747781e+00
-2.250312128018038926e+00
-2.242378572817716353e+00
