-1.565220883538222862e+00 -1.768205157938070204e+00 -1.826556695854147927e+00 -3.675834908621737451e+00 -5.184063603844134782e+00 -6.248435861368040634e+00 -6.813369683331314874e+00 -7.058474367483883682e+00 -7.094471352033078659e+00 -7.012631992985297380e+00 -6.860456388411402706e+00 -6.663855921246430114e+00 -6.443733813408361932e+00 -6.207138193306173335e+00 -5.953601988828971514e+00 -5.714279256164465082e+00 -5.452010515609412522e+00
-4.237662137657502548e+00 -4.421253761531604098e+00 -4.466530306197148192e+00 -4.446044057226057333e+00 -5.016582698049377065e+00 -6.030061199984639408e+00 -6.599801492469829611e+00 -6.853535737215589840e+00 -6.899065333360299590e+00 -6.822394182846490907e+00 -6.670581736281370411e+00 -6.476915309128554732e+00 -6.258313286733518943e+00 -6.026904660637786293e+00 -5.780099058947490320e+00 -5.544767748919401384e+00 -5.293085554074894894e+00
-5.746705868505470605e+00 -5.865283580850691791e+00 -5.879863535443988987e+00 -5.829235514032653498e+00 -5.770054154898446974e+00 -6.037539092521095441e+00 -6.461791256046063303e+00 -6.682918363322766453e+00 -6.724599451138063344e+00 -6.647536255318494902e+00 -6.489453594422657901e+00 -6.295463805758442888e+00 -6.078251663012020245e+00 -5.851456068373175334e+00 -5.604588112062382166e+00 -5.365802673889037422e+00 -5.121371355591455732e+00
-6.576666246699233831e+00 -6.628310704134373843e+00 -6.607311878134876082e+00 -6.547080808953505304e+00 -6.454515147943590492e+00 -6.432849447724279912e+00 -6.557197491633359299e+00 -6.659530691201100971e+00 -6.653131709568407715e+00 -6.552925172165282142e+00 -6.387983655401064276e+00 -6.189357467869110785e+00 -5.970427014086118866e+00 -5.742317772410078014e+00 -5.496793289322227771e+00 -5.257467422544038982e+00 -5.007847292701832487e+00
-6.958428334318708330e+00 -6.969387555483185004e+00 -6.931567137780442422e+00 -6.857119358228754180e+00 -6.759768483961388519e+00 -6.685435755487746157e+00 -6.688497029137257854e+00 -6.695908095398163340e+00 -6.645015234370217350e+00 -6.517087868532248862e+00 -6.349035395003319593e+00 -6.146595725858199799e+00 -5.919828034947218320e+00 -5.684408524435041521e+00 -5.448881303756973438e+00 -5.198834197551208902e+00 -4.957384124934329783e+00
-7.058994741543005880e+00 -7.059744744979063569e+00 -7.015154836077902800e+00 -6.947159053533075834e+00 -6.853411033266601393e+00 -6.773022818284916369e+00 -6.742909111256407684e+00 -6.700147127010157355e+00 -6.614458623531924708e+00 -6.475566459906819006e+00 -6.295660127323538191e+00 -6.089071063077109436e+00 -5.866763528274466566e+00 -5.633318756853666009e+00 -5.388716912983892549e+00 -5.149255080970942977e+00 -4.897017883543802519e+00
-7.031729893037796941e+00 -7.028655691162490449e+00 -6.989511965408857996e+00 -6.930644828792844159e+00 -6.854464448385281905e+00 -6.784520412241477949e+00 -6.742817430387713529e+00 -6.674929602005870599e+00 -6.567803157948055137e+00 -6.414613921364820115e+00 -6.229922726276447165e+00 -6.017333810622982782e+00 -5.789682446605664445e+00 -5.556856491283268085e+00 -5.311955817348389175e+00 -5.067521905448074904e+00 -4.819691503160199453e+00
-6.971829347280932510e+00 -6.963680533718174637e+00 -6.929767398699519632e+00 -6.875559208661216282e+00 -6.813171017766635806e+00 -6.757838503421873533e+00 -6.695868890153174213e+00 -6.610875729685205648e+00 -6.483470293000509699e+00 -6.318920815187414775e+00 -6.124600290084636356e+00 -5.906908567619553629e+00 -5.677696695692934448e+00 -5.444668798961704859e+00 -5.195808204942704123e+00 -4.953777421666816672e+00 -4.702062528394000296e+00
-6.866741181291319052e+00 -6.851483441031274602e+00 -6.810737283040847245e+00 -6.763482834435799340e+00 -6.704757834457750754e+00 -6.649611680974787831e+00 -6.572829529260954651e+00 -6.469175421438712270e+00 -6.327858174659990453e+00 -6.153199454354905562e+00 -5.951555176082958809e+00 -5.729866617648726290e+00 -5.494877729928854038e+00 -5.258543856537675865e+00 -5.012121368593903448e+00 -4.766757862600357498e+00 -4.518073226809253384e+00
-6.655687206021802638e+00 -6.631751795328310273e+00 -6.589385736881740563e+00 -6.546090904740870187e+00 -6.484148607541134979e+00 -6.420656314342047644e+00 -6.340215482916649492e+00 -6.221125910741895026e+00 -6.069299295857580212e+00 -5.885280091905928046e+00 -5.679540180114037717e+00 -5.459410263024986776e+00 -5.225106049510024775e+00 -4.982889658671227906e+00 -4.743627483320245197e+00 -4.491327511376064230e+00 -4.248309478382087612e+00
-6.338951933469229694e+00 -6.308427974578887820e+00 -6.268994992122491006e+00 -6.219272919964894619e+00 -6.162832469690689763e+00 -6.091902132169336070e+00 -6.002026155874572666e+00 -5.880060607740487555e+00 -5.724929961429392478e+00 -5.541858611513307054e+00 -5.331868609009962512e+00 -5.105083988985139598e+00 -4.871910824600264256e+00 -4.633478230381679275e+00 -4.385508371947788753e+00 -4.143934111465911840e+00 -3.890149793222417607e+00
-5.948354274522065666e+00 -5.916321195397948429e+00 -5.874830022097015103e+00 -5.826296087716694494e+00 -5.767323700679439114e+00 -5.694745311419723954e+00 -5.601422360945452539e+00 -5.476372120695227608e+00 -5.317389404498530148e+00 -5.131835015022379487e+00 -4.921128656100427712e+00 -4.695251602571222094e+00 -4.463201238987728914e+00 -4.221715547663525747e+00 -3.976070042435325913e+00 -3.731444432632359920e+00 -3.480466083561973178e+00
-5.506445912565150813e+00 -5.478114230114670136e+00 -5.440524624676706722e+00 -5.385584610411124906e+00 -5.329251005246610440e+00 -5.257665040780797661e+00 -5.161681055737924240e+00 -5.035362023005580667e+00 -4.872081741037799674e+00 -4.682775340448507961e+00 -4.473996147004471347e+00 -4.252732516665711060e+00 -4.014847117403625987e+00 -3.774045523879750341e+00 -3.531484628266173598e+00 -3.281735473942215986e+00 -3.037312528216002949e+00
-5.047509088544172684e+00 -5.013842447095286481e+00 -4.972204977010327376e+00 -4.922257520533869446e+00 -4.863560832762937380e+00 -4.788495604241003178e+00 -4.692090073424440178e+00 -4.565610774589829113e+00 -4.402374370057903441e+00 -4.214315975876894882e+00 -4.003960738494361848e+00 -3.779723558387637627e+00 -3.549530912125747228e+00 -3.303874885541657758e+00 -3.061622258645352535e+00 -2.812831191716993029e+00 -2.565944056597029732e+00
-4.564694293509779399e+00 -4.537433927930757172e+00 -4.491055100549191437e+00 -4.446165739337295086e+00 -4.381379826932395360e+00 -4.308139786706834506e+00 -4.211474456376779862e+00 -4.082173509628558961e+00 -3.921900863275578519e+00 -3.734877935441782704e+00 -3.523306241220200086e+00 -3.296718991774748364e+00 -3.064337416944215242e+00 -2.823151514754732361e+00 -2.577252349633404549e+00 -2.333208910602264652e+00 -2.082203567601273342e+00
-4.074979077267419925e+00 -4.049521775689276737e+00 -4.002488557086470777e+00 -3.955459569952307408e+00 -3.892120086371824161e+00 -3.820119845210421250e+00 -3.723419167262752794e+00 -3.592124869955723110e+00 -3.433816866940395673e+00 -3.246683172618380020e+00 -3.035113667380813673e+00 -2.806998212631212741e+00 -2.573161876378131652e+00 -2.334924780782435150e+00 -2.086639016530547064e+00 -1.845629154482871792e+00 -1.592243918986329332e+00
-3.580990850972343598e+00 -3.554850728810558191e+00 -3.509222998926649240e+00 -3.460855735747240924e+00 -3.398422672085545493e+00 -3.327341185242380206e+00 -3.230431687506092331e+00 -3.097951384236051098e+00 -2.940862175814299651e+00 -2.751313200272830883e+00 -2.542096608477765418e+00 -2.313038887247656383e+00 -2.078303887837531061e+00 -1.841890500647643591e+00 -1.592135121402186826e+00 -1.350312517002491441e+00 -1.098315008164958639e+00
