-2.415514750024482016e+00
-1.964934946163523488e+00
-1.389500561614861462e+00
-6.505895785221588179e-01
3.780420623118659756e-02
5.794624246746644669e-01
8.921875605207806315e-01
9.885977335765904206e-01
9.494861069336534287e-01
8.435661338280717736e-01
7.030570285117062612e-01
5.377947746894099490e-01
3.708846804363424843e-01
2.123484814430163514e-01
6.057730384736114554e-02
-5.863110810436358844e-02
-1.490900071802551130e-01
-2.006436938803970449e-01
-2.373202296856014859e-01
-2.530160050869441624e-01
