-5.158479330722135714e+00
-4.991426606810533073e+00
-4.694525594643587318e+00
-3.882350015716691694e+00
-3.068007002989842746e+00
-2.779394345467373739e+00
-2.765235420993425119e+00
-2.826439965554157219e+00
-2.913326712509724192e+00
-2.999820397207848099e+00
-3.064415486816964407e+00
-3.088136675432528122e+00
-3.089833913670338106e+00
-3.084988867949883140e+00
-3.082605927274129076e+00
-3.080979283658801471e+00
-3.078368627157432869e+00
-3.075530082561777956e+00
-3.073224457955088695e+00
-3.071518811221974676e+00
