-3.971004565459493652e+00 -3.971004565459493652e+00 -3.971004565459493652e+00 -3.971004565459493652e+00
-3.915081293816617514e+00 -3.855734528778703929e+00 -3.927243565629734867e+00 -3.816545963324037949e+00
-3.861280789199101449e+00 -3.732134902970437818e+00 -3.889061106257664768e+00 -3.698370820507438594e+00
-3.815240907068109255e+00 -3.647032901389229309e+00 -3.854001914089200120e+00 -3.610749069651010945e+00
-3.784282496820893904e+00 -3.573530500406916666e+00 -3.806186770479941028e+00 -3.550405858006543180e+00
-3.762203085248398526e+00 -3.520752546072337896e+00 -3.778088561636301357e+00 -3.490788998368161700e+00
-3.740507958164089430e+00 -3.478636787266835562e+00 -3.760710641684021915e+00 -3.453049095596317120e+00
-3.714946042500018919e+00 -3.450475023526495821e+00 -3.748811353543966440e+00 -3.410885824993230120e+00
-3.697230342883444099e+00 -3.415302797148089375e+00 -3.734955590520403934e+00 -3.379031433894498448e+00
-3.684670442450923566e+00 -3.387328620329239204e+00 -3.724822567478258684e+00 -3.358209729257039644e+00
