-2.635974312638787342e+00 -2.635974312638787342e+00 -2.635974312638787342e+00 -2.635974312638787342e+00
-2.588439493594525409e+00 -2.580689420141560220e+00 -2.618961405576140766e+00 -2.536156572013197774e+00
-2.552767866618411929e+00 -2.499823781431051550e+00 -2.622452142160718314e+00 -2.452114282728713679e+00
-2.514088458483628052e+00 -2.438869275161908767e+00 -2.590387752224295070e+00 -2.376201339138417801e+00
-2.490840314705848879e+00 -2.376245676811072016e+00 -2.532189207922623808e+00 -2.318279814548075635e+00
-2.474837751611996151e+00 -2.334444250295932388e+00 -2.490177993281214253e+00 -2.268652421405797703e+00
-2.454017122085487834e+00 -2.298715120227857955e+00 -2.472407360392415043e+00 -2.227690397690210045e+00
-2.421864681123203411e+00 -2.274266177771589792e+00 -2.447380434802651550e+00 -2.189773846921498901e+00
-2.396194720074145135e+00 -2.255591840585993602e+00 -2.427388372209463352e+00 -2.160778752174352224e+00
-2.379095325803214145e+00 -2.226290011098164268e+00 -2.417763092786120449e+00 -2.140106587238677971e+00
