-3.771581935965651944e+00 -3.771581935965651944e+00 -3.771581935965651944e+00 -3.771581935965651944e+00
-3.713060573523510932e+00 -3.720161099523102255e+00 -3.756065706096148649e+00 -3.697645730475703552e+00
-3.650993850338941193e+00 -3.637784679693797152e+00 -3.729143992951995390e+00 -3.609352338235753965e+00
-3.603222911356561031e+00 -3.564255606465740023e+00 -3.668533351580109958e+00 -3.528783771187423923e+00
-3.573256916349607515e+00 -3.500463003512914284e+00 -3.603138389309659573e+00 -3.460592582637879833e+00
-3.549653863922761499e+00 -3.453206220355822698e+00 -3.560601769078376222e+00 -3.398289354143842367e+00
-3.510738403603884006e+00 -3.407243419241837046e+00 -3.528261293600122084e+00 -3.354623415281245968e+00
-3.473686012570417425e+00 -3.375208772827477777e+00 -3.489717534260097676e+00 -3.309261108507290494e+00
-3.444872509298424923e+00 -3.351066841976435562e+00 -3.465922681705326358e+00 -3.274318606437638390e+00
-3.409899907517584428e+00 -3.315437782524250476e+00 -3.448942732217758156e+00 -3.252150801860750118e+00
