-6.280917028998416640e+00
-6.462661823835971653e+00
-6.583369874188835347e+00
-6.632395213144859802e+00
-6.591164381686205331e+00
-6.490483400105381051e+00
-6.363648409645972670e+00
-6.224976970023787359e+00
-6.081263696354590742e+00
-5.943120819320671266e+00
-5.794259798244850046e+00
-5.654432130224153141e+00
-5.507443216093979466e+00
-5.365848297112498777e+00
-5.223119669099913764e+00
-5.082271899106707735e+00
-4.949164190585949363e+00
-4.808026044681989575e+00
-4.673787350642236049e+00
-4.545834319326083062e+00
-4.410947090199305975e+00
-4.284723846589206353e+00
-4.165648990841154031e+00
-4.053179640288095520e+00
-3.947475245501778751e+00
-3.849218958995063833e+00
-3.759592755491244276e+00
-3.680580231286949555e+00
-3.616028255689788029e+00
-3.563366090624814575e+00
-3.518627552268496217e+00
-3.483097100707817084e+00
-3.459049300595860021e+00
-3.440343580193617523e+00
-3.421915090197136244e+00
-3.409116864399992508e+00
-3.400215460506651688e+00
-3.393905173324218261e+00
-3.389403601433589319e+00
-3.386179084936354666e+00
