-6.839154936706282051e+00
-6.866157248070464014e+00
-6.807508282983424586e+00
-6.697408797271235059e+00
-6.567687838834763703e+00
-6.429176934440906876e+00
-6.284145496100227213e+00
-6.146102900839338190e+00
-5.996600296829773136e+00
-5.856457907567151011e+00
-5.709974381464774318e+00
-5.568021894768119928e+00
-5.425931322933110756e+00
-5.282021445909562019e+00
-5.146355782061318607e+00
-5.003883895346661781e+00
-4.870469117603755116e+00
-4.741834578174906945e+00
-4.607821501550123600e+00
-4.482494813692484037e+00
-4.364227733750406735e+00
-4.252571896982988875e+00
-4.147756298480771875e+00
-4.050523702609313936e+00
-3.962135063192930851e+00
-3.884740337039671143e+00
-3.822722929026650895e+00
-3.769706149810453599e+00
-3.728462923817918551e+00
-3.692285022191073907e+00
-3.668068997272111442e+00
-3.651193204046819130e+00
-3.635693502326423854e+00
-3.622591883793931267e+00
-3.613340915506906281e+00
-3.606883095827476016e+00
-3.602283732731386579e+00
-3.598993178373287805e+00
-3.596631797903188321e+00
-3.594933664334521328e+00
