-6.123962222462361993e+00
-6.340719768217162766e+00
-6.509730747809318707e+00
-6.619953329164024680e+00
-6.648756377293153719e+00
-6.593411745063918694e+00
-6.502996598554250163e+00
-6.393093191891978222e+00
-6.273278991138580452e+00
-6.149137966758199347e+00
-6.011813315899612320e+00
-5.877064751307573331e+00
-5.746711632727135921e+00
-5.601206659113125319e+00
-5.460594709003393277e+00
-5.319030893098387835e+00
-5.179336462249840345e+00
-5.046312483670870819e+00
-4.903813926397964984e+00
-4.769588732475757098e+00
-4.639059435207181892e+00
-4.503768204068534509e+00
-4.376925452457097521e+00
-4.256772084438250836e+00
-4.141187043248871547e+00
-4.029048702220807243e+00
-3.927404492234646494e+00
-3.837589560885361628e+00
-3.756189325983605443e+00
-3.683546149083798404e+00
-3.627788780222884313e+00
-3.578426852868810570e+00
-3.545783305280380659e+00
-3.511103587997843611e+00
-3.487941828311467596e+00
-3.471940519736579578e+00
-3.460667659539071295e+00
-3.452637445465069010e+00
-3.446881427004412135e+00
-3.441215051106188749e+00
