-5.995978630673843845e+00
-6.213728170868294320e+00
-6.386745284279742307e+00
-6.470747573118957874e+00
-6.327972297932737078e+00
-6.198648279724016774e+00
-5.988905754796247649e+00
-5.705995884303110444e+00
-5.438627124990900619e+00
-5.167740912138889087e+00
-4.904271000555738169e+00
-4.619668928694878218e+00
-4.389651133367437730e+00
-4.076924754638105775e+00
-3.673469795202298993e+00
-3.321296974781574374e+00
-3.007975426038263400e+00
-2.666715940999571544e+00
-2.401845767885600669e+00
-2.329530139647538522e+00
-2.367110734254028515e+00
-2.439938863401282632e+00
-2.515577211080008979e+00
-2.592421547115946634e+00
-2.685349352863011241e+00
-2.781825985973537474e+00
-2.847484823227913964e+00
-2.948943250649998404e+00
-3.103234625687434356e+00
-3.114313208586977133e+00
-3.202466301840756646e+00
-3.354544758271824190e+00
-3.297383906364420803e+00
-3.392762105923734062e+00
-3.450756033376005671e+00
-3.416203032918761817e+00
-3.444220018535618433e+00
-3.447436325567943438e+00
-3.436588213086463117e+00
-3.437657869081258255e+00
