-6.211120112380476677e+00
-6.386955879829150362e+00
-6.505196697475847500e+00
-6.526919412100842699e+00
-6.444395977250344743e+00
-6.310719746083087500e+00
-6.152802356363155312e+00
-5.951072984841270674e+00
-5.755753660217099998e+00
-5.548469614693401830e+00
-5.302942411452575833e+00
-5.117489212443734559e+00
-4.846495685993225777e+00
-4.557518670866569366e+00
-4.309955759310905243e+00
-4.081418036754579148e+00
-3.761463489411271954e+00
-3.335523243517819481e+00
-3.155364572743244000e+00
-2.832374670327832522e+00
-2.682774600857263270e+00
-2.659544174309793618e+00
-2.675606530981272879e+00
-2.787459744876463752e+00
-2.868350777353303016e+00
-2.977942001541483030e+00
-3.075371148733728965e+00
-3.147190423648415614e+00
-3.213214702858624428e+00
-3.289414495023395002e+00
-3.315052869219725196e+00
-3.342669855820493030e+00
-3.374623254983756482e+00
-3.393492404326509781e+00
-3.382405211763982678e+00
-3.397225777797701518e+00
-3.396945253968954415e+00
-3.392459717455113655e+00
-3.389115447029594108e+00
-3.386114971704326404e+00
