-6.831941871934170685e+00
-6.852952174672086727e+00
-6.785871080436304936e+00
-6.636985977195259956e+00
-6.427468941289799176e+00
-6.182779065520505490e+00
-5.762578175663809255e+00
-5.343328408578681632e+00
-4.864618668852616068e+00
-4.473556996178950307e+00
-4.099355223491049749e+00
-3.662365489921158179e+00
-3.169762533988921493e+00
-2.977673036645158700e+00
-3.173681772093699394e+00
-3.279435860223165022e+00
-3.365378369596578878e+00
-3.456623599603672936e+00
-3.521073574051850841e+00
-3.553859129649965087e+00
-3.677432247152686351e+00
-3.688993655247958081e+00
-3.703418111478960384e+00
-3.804088652873263143e+00
-3.816094353392411875e+00
-3.762720442630839823e+00
-3.793806257505013768e+00
-3.764101531200668482e+00
-3.720866719945434387e+00
-3.691522182004335573e+00
-3.667933806263320662e+00
-3.651068080282664496e+00
-3.635662465295867118e+00
-3.622589317286967869e+00
-3.613338539737079191e+00
-3.606883095569612507e+00
-3.602283732731386579e+00
-3.598993178373287805e+00
-3.596631797903188321e+00
-3.594933664334521328e+00
