-4.308925165532505375e+00
-4.213470100236526683e+00
-4.117959636262404466e+00
-4.022287992836845127e+00
-3.927066398519416079e+00
-3.831418171260695171e+00
-3.736388117061390624e+00
-3.641735862500331766e+00
-3.547333208913456826e+00
-3.450757745491133566e+00
-3.354868911551746713e+00
-3.260199059185559189e+00
-3.167451103472985086e+00
-3.077557635706473338e+00
-2.991923463982426146e+00
-2.913057107184261696e+00
-2.840806922148171321e+00
-2.731235415531937605e+00
-2.136153806610549655e+00
-1.823509191969901799e+00
-1.190296100764556497e+00
-1.669932811240230075e+00
-1.951272530369584590e+00
-2.021723815223466225e+00
-2.501323811272439190e+00
-2.509867768959428869e+00
-2.505955723167242688e+00
-2.503521633191657436e+00
-2.504392307358847436e+00
-2.508272892957887024e+00
-2.515033746260333380e+00
-2.524763632548302272e+00
-2.537802677770247151e+00
-2.550997169596760372e+00
-2.561382600967216483e+00
-2.573464013571054920e+00
-2.587572102423543186e+00
-2.604326079126574101e+00
-2.624669819230617041e+00
-2.648579480892558902e+00
