-5.802861349045595141e+00
-5.955808598013564215e+00
-5.762001276962454455e+00
-5.484239507377337119e+00
-5.202235778510329922e+00
-4.925941762135495061e+00
-4.657473348926824741e+00
-4.400975399999445870e+00
-4.175234513749136234e+00
-3.986365283666686743e+00
-3.849557081622183574e+00
-3.753169135194510897e+00
-3.690391224889624233e+00
-3.659836846283344602e+00
-3.644359189178926872e+00
-3.632346972002716612e+00
-3.626214614687258475e+00
-3.623146120373194279e+00
-3.621516317042295263e+00
-3.620508325444109055e+00
