-2.638355795106715362e+00
-2.980347118215656899e+00
-3.122357385699102483e+00
-3.120159683831093211e+00
-3.073240670308870826e+00
-2.981487804343601500e+00
-2.918524378578295497e+00
-2.857196513909680657e+00
-2.821405473884237125e+00
-2.807325027617832536e+00
-2.833600321195197669e+00
-2.868291999204799048e+00
-2.902015782913626829e+00
-2.953668196166905346e+00
-2.997883577735638738e+00
-3.051567979579356660e+00
-3.081282084727982706e+00
-3.100006455234515457e+00
-3.108577424404117551e+00
-3.109033927158035837e+00
