-6.882821917333866502e+00
-7.035506294495092128e+00
-6.843091895958719917e+00
-6.562227423771004098e+00
-6.273805640089705982e+00
-5.984816484455829588e+00
-5.696971842657047702e+00
-5.411454907550887761e+00
-5.130809451823162171e+00
-4.854485311630911681e+00
-4.584613213166407242e+00
-4.342429349512767267e+00
-4.121771055098631287e+00
-3.949101223595163024e+00
-3.816490347870412858e+00
-3.734348147546165730e+00
-3.680140242164846143e+00
-3.654774604742668576e+00
-3.640111742291896935e+00
-3.630014951638705689e+00
