-3.967468266314550185e+00
-3.847246457320231183e+00
-3.722754303174836910e+00
-3.611218622058053551e+00
-3.504162810797709859e+00
-3.395551416128330668e+00
-3.288149584048068341e+00
-3.188398656782681861e+00
-3.099553788707433366e+00
-3.020057049908740243e+00
-2.952267190178615497e+00
-2.869306067334619570e+00
-2.797672095142619941e+00
-2.772562159425410844e+00
-2.745972495357280163e+00
-2.708257204853660838e+00
-2.682785700031447007e+00
-2.664968136715634373e+00
-2.649717034819137229e+00
-2.633382558570940279e+00
-2.622594285976628914e+00
-2.617511283045516279e+00
-2.616359156591573143e+00
-2.618335286632396119e+00
-2.624014224378783844e+00
-2.634166958623198163e+00
-2.647877584335629475e+00
-2.657258487549793990e+00
-2.668510404468170005e+00
-2.682433732262523574e+00
