-4.324412851586053819e+00
-4.191571895117334634e+00
-4.065634695499939610e+00
-3.939148747213584212e+00
-3.802744018656425862e+00
-3.673152702386015100e+00
-3.548693825511065381e+00
-3.413959061696930863e+00
-3.287482852606999462e+00
-3.166818145510986504e+00
-3.051493458355898802e+00
-2.939431246420596278e+00
-2.833319041221256551e+00
-2.301625627398110385e+00
-2.020475502635454834e+00
-1.064524670345287749e+00
-1.737402715441325407e+00
-2.002150473651508111e+00
-2.508258235556381610e+00
-2.507669557609629063e+00
-2.503622876960931443e+00
-2.505013518738420153e+00
-2.511776901610561552e+00
-2.523891020617468506e+00
-2.541968704385100253e+00
-2.557152616676232171e+00
-2.572804525799909037e+00
-2.592131037004086647e+00
-2.616726329318810773e+00
-2.648170200039403621e+00
