-4.767775818622020267e+00
-4.644548713419354158e+00
-4.509914389528502987e+00
-4.381540451160224059e+00
-4.256370992918296459e+00
-4.122016719605269941e+00
-3.989164203666472286e+00
-3.863623567375358725e+00
-3.735439017783041216e+00
-3.599823417445267015e+00
-3.471216924470666765e+00
-3.347851380086037221e+00
-3.214449459359605132e+00
-3.089810925349284698e+00
-2.971489036106147896e+00
-2.858616154856825631e+00
-2.728698783235757652e+00
-2.226480011231326106e+00
-2.033774966013021324e+00
-1.384003220912905174e+00
-1.655084622342941403e+00
-1.907838540265911043e+00
-2.022308453421772789e+00
-2.382805833990769173e+00
-2.400713938261769265e+00
-2.405236239753975713e+00
-2.413035542894418128e+00
-2.426343310995057401e+00
-2.446426365741843245e+00
-2.460771712173287273e+00
