6.123509340848087894e-15 2.147383372554941415e-13 9.191027224290503075e-13 5.458961185469421719e-12 2.221454296859159559e-11 9.063373970330601969e-11 3.719286982610070582e-10 1.388737994191665215e-09 4.400693323647771720e-09 1.060276190928139752e-08 1.707991888225793906e-08 1.699244650978528454e-08 1.056641323930851720e-08 4.503786184323971010e-09 1.499895270649900486e-09 4.417436702558138536e-10 1.256156035351430786e-10 3.620833053793864460e-11 1.079386055922878758e-11 3.321198613167941106e-12
1.779878897783823010e-11 1.048085626499970857e-10 4.003660409842290440e-10 1.641091325414100857e-09 6.413224911205109158e-09 2.250105660431317676e-08 6.654826905435199107e-08 1.492712481912368123e-07 2.213697498945095070e-07 2.006976876098366875e-07 1.130191717658962429e-07 4.319356814228665660e-08 1.269293019497248804e-08 3.244293363625855481e-09 7.935169533512951880e-10 1.976431444203013334e-10 5.180938946557113352e-11 1.438402086940026194e-11 4.211950473111254960e-12 1.287040475478800460e-12
7.663784228960004042e-64 1.932607031451755297e-31 6.699009378647954165e-19 3.355231038148574401e-14 1.903816676673259110e-12 1.041909630802520754e-11 7.227320191967683321e-11 2.561914800250287769e-10 1.116063614257321724e-09 4.621337141404315865e-09 1.709551497634408761e-08 5.283601643940938184e-08 1.288227454801404570e-07 2.457740500765200403e-07 3.400208727350850330e-07 2.817756459906173178e-07 1.441855649837572451e-07 5.546535029678253693e-08 1.881729182017129494e-08 6.124413354243445002e-09
2.014658194238797162e-14 4.814664059498907481e-12 3.802283884575482884e-11 1.687426259539832260e-10 9.227846242009308290e-10 3.297548419705496451e-09 1.333978387296966949e-08 4.792767165382894244e-08 1.428456935462535119e-07 3.163108467436346856e-07 4.643592691863541361e-07 4.284995786088934028e-07 2.556863646043654997e-07 1.079418446808306483e-07 3.622914560234484506e-08 1.079187248874753524e-08 3.097284134901739416e-09 8.977904871884700386e-10 2.679854059801323311e-10 8.260857282117895435e-11
1.195944636495808721e-10 4.320189380423374485e-10 2.677786798288305571e-09 1.035161837704802907e-08 4.777949049333708638e-08 2.312601220712775182e-07 1.114545878983047024e-06 4.651556144436762175e-06 1.470653405445196387e-05 2.448408678645202596e-05 1.886755061980261889e-05 7.886932960181559772e-06 2.284257017877438174e-06 5.629799985703703033e-07 1.339838863228005246e-07 3.289095273723598161e-08 8.552907089114977182e-09 2.367094706923075512e-09 6.923776410641868564e-10 2.114915437284879911e-10
2.570433939598833232e-11 3.737906595137584744e-10 1.371359120586427541e-09 8.593677052475741165e-09 2.950845975332770665e-08 1.149933547054139782e-07 4.111423064302173130e-07 1.304624317036928501e-06 3.586306527925903929e-06 8.307180816268538805e-06 1.467463952635095591e-05 1.587945466574470157e-05 9.650577812286936606e-06 3.734300332691410880e-06 1.116948306417158382e-06 3.028220300945022083e-07 8.185908003971336904e-08 2.298421538495671972e-08 6.758067922758239387e-09 2.068175609945725654e-09
1.782975804703107408e-146 3.487534771323717124e-64 8.754617801551178298e-32 3.034189473272451353e-19 1.552896914245772192e-14 9.079280344448026799e-13 5.476384356824686181e-12 3.882697106907363251e-11 1.398813906380774055e-10 6.918135526030891082e-10 3.601940024641605471e-09 1.974024558483566736e-08 9.286872208103196942e-08 2.391425906053678641e-07 2.751912230325830354e-07 1.696010209590220626e-07 7.214926405957175887e-08 2.553046599757567652e-08 8.379087030830346302e-09 2.692341748399566784e-09
1.150490830735715634e-10 5.242293535323953529e-10 2.583422846928764243e-09 9.640020939561758078e-09 3.853890442849088078e-08 1.410250851359251219e-07 4.543860856818375083e-07 1.217578872297306671e-06 2.550180857604880278e-06 3.979897653056558573e-06 4.459618316935854932e-06 3.486916325800236337e-06 1.904096269934063494e-06 7.653695985402385151e-07 2.490801720685826095e-07 7.276534984032587452e-08 2.062611572415514067e-08 5.942292290281003415e-09 1.772163888492312961e-09 5.449879509812305576e-10
1.532385453930909834e-16 8.772127503902979094e-13 2.168858986807429391e-11 8.897865825970868210e-11 5.770273100874012813e-10 2.036202106443402695e-09 8.187413305725262963e-09 3.055496464445418491e-08 1.000131921792373517e-07 2.757969014990143759e-07 6.278277663186245459e-07 1.183056469562981835e-06 1.808869940027252191e-06 2.071724471670388399e-06 1.637487293384135749e-06 9.004500528010894266e-07 3.778793409488415240e-07 1.351623150074163102e-07 4.484662142542753823e-08 1.451119168335749162e-08
1.405428795700681002e-09 7.944846257823647078e-09 2.810511709614980361e-08 1.101907701929651664e-07 3.920338781463742111e-07 1.226907785571959664e-06 3.198459118807920028e-06 6.571189177867287934e-06 1.039164930080895994e-05 1.258872812293196198e-05 1.117119731783978169e-05 6.711950514148444348e-06 2.764198528705745625e-06 8.742966257139421277e-07 2.414269851030439208e-07 6.406286907503224038e-08 1.728162830477793862e-08 4.864806719430650907e-09 1.433636862552539262e-09 4.391513420920820974e-10
3.752427150494023870e-19 1.792539347068836332e-14 9.586730512975787360e-13 4.709021393564106363e-12 2.884525866776930716e-11 1.161379699347363190e-10 4.776471945362776010e-10 1.981855280010234792e-09 7.450991655667371554e-09 2.355005056471796294e-08 5.566987934883867345e-08 8.697546152210580248e-08 8.414951652898658135e-08 5.180948267253447122e-08 2.247172405523471642e-08 7.815570523863435114e-09 2.441512222142529456e-09 7.383012666185781924e-10 2.246907470422182902e-10 6.989980961905625634e-11
9.017536413331027184e-22 4.584683943078500754e-15 1.365753061879528574e-12 1.182389293907993890e-11 5.790079869736780858e-11 3.053672560008518608e-10 1.147845263592562550e-09 4.975670199202836226e-09 2.001021890262855547e-08 7.082565971978768303e-08 2.001978713435454054e-07 4.015925285342643341e-07 5.243149142179055777e-07 4.377713448621696776e-07 2.465899020074876671e-07 1.038066661295592252e-07 3.658135489104307403e-08 1.184012276196639086e-08 3.728540465186838938e-09 1.177029969311415038e-09
1.492769476440132292e-47 7.137619914526428827e-25 3.395209026968761424e-16 5.671594307364610458e-13 9.278248605010416714e-12 4.621255958234436510e-11 2.797454814937096881e-10 1.066488613327791979e-09 5.293964473726041734e-09 2.794270588130101450e-08 1.466200648169255773e-07 6.147961350146054767e-07 1.427238392600462507e-06 1.610226216048373070e-06 1.013888331361404463e-06 4.365143459548786325e-07 1.527931064501690249e-07 4.892340385840828887e-08 1.529250513144299071e-08 4.808947638249222868e-09
1.183406485112999962e-10 4.316939229411861212e-10 2.594031052560866710e-09 9.338826907630644726e-09 3.848391383237644278e-08 1.475765834183140184e-07 5.082000734182769508e-07 1.487699005322590226e-06 3.448071315766673545e-06 5.870658782375945571e-06 6.837506306260460064e-06 5.216944161813999907e-06 2.662398698021904543e-06 9.925300538906965309e-07 3.044817715913266205e-07 8.567782625990076928e-08 2.380191946076658479e-08 6.787724978792417699e-09 2.013551992680886899e-09 6.182102418662761220e-10
5.889556167030505082e-08 2.729015076548283891e-07 1.427185663017955882e-06 6.500618163765852455e-06 2.350570090641654434e-05 6.976182118837286083e-05 1.116415106783279508e-04 9.148586733521965934e-05 4.397318956160888281e-05 1.473262143676981618e-05 3.976449350879605844e-06 9.505493540638482161e-07 2.143236402197486146e-07 4.782427205333435528e-08 1.097330012659452978e-08 2.659488904554389809e-09 6.881404554092970570e-10 1.901046796492054800e-10 5.557169119209469522e-11 1.697131317847209398e-11
2.555025939286809125e-13 3.363735675367471242e-12 1.257016090298665913e-11 7.928118651328338949e-11 2.852463981428799141e-10 1.187497525620612232e-09 4.592747673613585291e-09 1.559441237280458413e-08 4.279768273126639508e-08 8.453480100493161278e-08 1.086291083535850174e-07 8.772571803481802743e-08 4.640023686707346988e-08 1.773548369194104067e-08 5.532360653720584271e-09 1.572180078098766915e-09 4.390924257501915816e-10 1.255197465190241869e-10 3.727380163826403893e-11 1.145050197546187663e-11
1.144641172912038010e-15 7.371727793309059088e-13 8.284916295268325440e-12 3.413306454279138851e-11 2.097997854647304768e-10 7.669477087262044717e-10 3.413265265271597353e-09 1.456852991634345472e-08 5.717154651774187275e-08 1.881530504665575795e-07 4.402338165941356346e-07 6.044114485061825569e-07 4.603597383208977738e-07 2.163207541491296294e-07 7.473662124538804325e-08 2.225091491127244635e-08 6.340832172057777480e-09 1.827839917983678831e-09 5.447638070021416433e-10 1.675782334959292206e-10
1.281542784155780075e-11 5.354565247031821949e-11 2.916870546574132385e-10 1.272792459963552049e-09 5.044774378750134451e-09 2.066466275913375904e-08 7.772815780596182181e-08 2.530712337723601124e-07 6.506495200735203675e-07 1.170795360384329320e-06 1.342543466943484777e-06 9.620655083877506090e-07 4.564434784748104528e-07 1.602042790537809567e-07 4.717725532909909214e-08 1.295408681054593004e-08 3.552322032811296704e-09 1.007605047964557154e-09 2.980204671943573683e-10 9.137443708802788794e-11
5.440139204750373298e-09 2.120895470206176619e-08 9.403928739630231886e-08 3.977315844835630403e-07 1.460738536658916749e-06 4.512419896317558955e-06 9.915665081536167256e-06 1.243499546079712788e-05 8.840783931860984814e-06 3.933711657728872235e-06 1.248743269636233707e-06 3.208675164376434773e-07 7.409802744927778777e-08 1.661980172018899448e-08 3.818493851839035192e-09 9.248222258832534319e-10 2.391014040347565167e-10 6.603170251037840338e-11 1.930022528095661377e-11 5.893960547545795082e-12
3.100386914073603148e-11 1.211196925353577491e-10 6.841127283018046026e-10 2.801808998004852726e-09 1.084953935919810360e-08 4.172129228907742316e-08 1.446776818051199582e-07 4.312505252316882857e-07 1.049100376582742076e-06 2.009489614523025275e-06 2.970361403610420895e-06 3.302079793531168832e-06 2.664005390951453577e-06 1.538623509779667166e-06 6.634339884035053397e-07 2.333845093692217815e-07 7.375634954935405491e-08 2.246155010739054784e-08 6.864136013516164094e-09 2.141028479865981696e-09
9.766995154084781557e-17 6.984762810109520150e-13 1.872116327273374610e-11 7.837532547080866497e-11 5.121452302509991515e-10 1.892627327416495542e-09 8.087163014055602423e-09 3.349584617360147530e-08 1.270664923127594702e-07 4.160025994397751361e-07 1.081120579977706538e-06 2.038892865727103172e-06 2.580048612934131247e-06 2.108422168955485305e-06 1.155590391910953629e-06 4.721537186147664447e-07 1.624037026735549688e-07 5.174258658506876733e-08 1.615522435334778452e-08 5.078913493752141951e-09
4.135300671183541514e-11 1.814856324401125314e-10 9.666279239046134781e-10 4.421452140674233147e-09 1.818310581620490370e-08 8.160710679255999189e-08 3.511382133734157279e-07 1.317759046117687812e-06 3.794445552173095952e-06 6.253468774765503431e-06 5.077848088308475698e-06 2.264329694035957398e-06 6.881706114481184863e-07 1.742954331947409965e-07 4.203262162007235323e-08 1.037351889118469116e-08 2.704017423231972104e-09 7.491454492081044725e-10 2.192102703744387613e-10 6.696806846123920402e-11
2.503070032770890082e-10 1.024757176131397391e-09 5.639942123643198514e-09 2.056851381493686117e-08 8.522298368721981267e-08 3.289640370590935534e-07 1.148655597046941381e-06 3.456072221055394009e-06 8.416764744951775817e-06 1.540720775537587418e-05 1.902981765165451684e-05 1.435366389726268028e-05 6.784412516959672112e-06 2.307788948783290637e-06 6.592427008618185090e-07 1.774750316093049708e-07 4.814915552197730693e-08 1.358849095938589017e-08 4.007860138414081824e-09 1.227984120004498501e-09
3.173110028953606542e-09 1.696546438104484774e-08 6.770922127879105641e-08 3.206869794826730377e-07 1.563952335913749681e-06 7.094466483807297017e-06 2.662160983989266685e-05 7.392003368369480065e-05 1.042329878094789902e-04 6.971212049584909706e-05 2.640881999170971756e-05 7.144362919932606574e-06 1.659429356228225957e-06 3.709265019628222583e-07 8.493806864852747840e-08 2.048851950865587904e-08 5.292889609837310975e-09 1.461530038478670914e-09 4.271709563678349586e-10 1.304492548023367033e-10
5.140096244482068102e-12 2.027946581732517052e-11 1.144131617213194382e-10 4.100729728392137079e-10 1.657222546206980028e-09 6.062667180683295403e-09 1.911956339858275335e-08 4.771909932952710423e-08 8.346526024960568402e-08 9.310003352827763473e-08 6.500638479698839765e-08 2.999590539734255888e-08 1.014415825770683981e-08 2.836130494093954788e-09 7.297943165256986678e-10 1.864499228112735481e-10 4.938798117493814768e-11 1.379415958540409965e-11 4.048431071775342770e-12 1.238062190238501505e-12
2.838597550882073640e-21 4.652677646826780317e-15 9.112806325345231301e-13 6.809552873189804736e-12 3.502421937217452795e-11 1.735747194771121341e-10 6.665581282000078019e-10 2.870417573654583032e-09 1.144419691763942440e-08 3.987768429043153707e-08 1.093873293713700824e-07 2.070398826517458767e-07 2.453668865590288936e-07 1.809078073800575779e-07 9.007717517907559567e-08 3.436937781090480100e-08 1.134385159588092465e-08 3.533892685191062129e-09 1.091092753969480994e-09 3.415083638222007369e-10
2.059840262773790500e-10 1.218514877587506224e-09 4.707899957003457244e-09 2.132893861692309184e-08 9.823627906456135409e-08 4.156857451825145919e-07 1.463926564672334609e-06 3.717972946476407043e-06 4.722315173690785401e-06 2.957592655401735444e-06 1.089363527089123369e-06 2.926314947248433230e-07 6.797606634316614793e-08 1.520432211041377391e-08 3.481775414689668606e-09 8.416558970003105754e-10 2.174743400477656455e-10 6.004759915875170723e-11 1.755005509491067398e-11 5.359379347921464109e-12
1.633946825197626721e-11 7.002570993750914914e-11 3.733709920490272822e-10 1.645749439352950597e-09 6.360342615957091133e-09 2.533931519504666118e-08 9.161071716129590952e-08 2.843159682845502161e-07 6.997573117689850025e-07 1.252903606773452102e-06 1.530573389680983717e-06 1.241367803078076826e-06 6.817165562643728462e-07 2.722638909282312263e-07 8.792096251527932945e-08 2.554332048183655346e-08 7.219938845074113639e-09 2.076090546935877941e-09 6.184104409065489370e-10 1.901753859333445148e-10
1.300597607107141506e-09 6.199672404897356623e-09 2.527138063268362058e-08 1.146363122061644198e-07 5.075902576952127075e-07 1.964784710411107475e-06 6.299106732726740537e-06 1.349207261714121992e-05 1.523542446408280645e-05 9.246003092115956973e-06 3.479581829615989621e-06 9.675584857872668583e-07 2.308611323026912413e-07 5.243725584028513888e-08 1.209651228064200078e-08 2.935018713706829079e-09 7.594201632070998368e-10 2.097850708652012885e-10 6.132324728710775533e-11 1.872765309342465594e-11
2.015025031913429279e-08 8.990437813637676826e-08 4.538860153369313829e-07 2.097996983633147633e-06 7.616586595216100791e-06 2.334912086919691397e-05 3.968721349487978276e-05 3.394292677589365971e-05 1.662704664351218146e-05 5.522970856311941533e-06 1.442974110715246151e-06 3.309574325034338690e-07 7.203061956858854690e-08 1.571821404917485931e-08 3.568277978678352845e-09 8.592094131927484522e-10 2.217015017877563071e-10 6.118613536071824871e-11 1.788006443214988888e-11 5.459881922062673826e-12
1.574007714068878255e-13 1.422784327954980554e-11 8.071024066021015525e-11 4.172255957198966701e-10 2.028941658484014281e-09 8.375643049876767852e-09 4.043939878064928457e-08 2.048803532769796437e-07 9.516917206573028210e-07 3.431662968655165193e-06 6.126596134277142914e-06 4.604384775995525291e-06 1.831847952003363003e-06 5.205820290367554811e-07 1.311564728373793970e-07 3.287331584593505734e-08 8.615740985754600902e-09 2.391677873615750366e-09 7.003121130760637629e-10 2.139915196728910400e-10
7.730257329290779187e-08 4.018009057899056690e-07 2.299950158606176418e-06 9.820806197683511107e-06 3.537969630629403075e-05 9.314998280575786352e-05 1.234312707481552776e-04 9.034571864594294192e-05 4.342572902034661837e-05 1.600256013817892632e-05 4.946748605046902362e-06 1.341964964762185857e-06 3.319032351123965436e-07 7.835826631932745531e-08 1.851688608483313862e-08 4.554524608770540534e-09 1.186733490922411364e-09 3.285765616108048885e-10 9.612144465695590907e-11 2.936217927803214159e-11
4.333261682643677373e-12 8.537934909184822148e-11 3.283397513335020514e-10 2.090735464546602166e-09 8.075665844471327456e-09 3.594338969222260945e-08 1.626425271349953340e-07 7.073448368862918649e-07 2.711160591505894940e-06 7.861180354016707620e-06 1.343081416695841201e-05 1.173861653872221947e-05 5.719573675611958176e-06 1.904809118397400328e-06 5.276190852615756576e-07 1.387768367002238600e-07 3.715734682475176964e-08 1.041271598400894188e-08 3.061525489909265156e-09 9.369438219738468436e-10
1.761118540642959738e-18 1.341703892519755462e-14 3.679653437653001496e-13 1.547161086470994856e-12 1.006519158346584576e-11 3.700103811111871919e-11 1.546977025434352230e-10 6.135367467106854103e-10 2.126987617300014300e-09 5.842008635093832878e-09 1.102492576585992906e-08 1.270432844503584805e-08 8.790943392335077358e-09 3.991913670553770674e-09 1.372609986396604626e-09 4.100028562809163006e-10 1.173264498741088004e-10 3.391081011371484341e-11 1.010568575444204259e-11 3.112560624940755384e-12
2.115257483331710251e-11 8.456156809769789218e-11 4.749036536091035866e-10 1.726800764357913528e-09 7.121646432274782387e-09 2.687732966398810037e-08 8.829600750750978028e-08 2.319638979555219548e-07 4.251679899393338618e-07 4.820471608906817990e-07 3.296087429202462276e-07 1.455126764452332635e-07 4.695415939014869511e-08 1.266204442311567513e-08 3.185250298062573877e-09 8.039772139507966150e-10 2.118323354127614624e-10 5.899443730891479087e-11 1.729412989673467735e-11 5.286590404999624038e-12
5.291413373638866524e-12 2.911577914103546250e-11 1.353679029742128040e-10 6.908534260446589105e-10 2.623661394897087281e-09 1.110221767384312694e-08 4.358840934903756236e-08 1.495728160472715651e-07 4.056395594501256031e-07 7.380342438628887533e-07 7.853814723738509631e-07 4.864728846038337150e-07 1.958496437897981093e-07 5.997842577169952036e-08 1.612264045293837074e-08 4.201025355058240553e-09 1.122129830909984286e-09 3.145455779838176932e-10 9.245150457447457373e-11 2.828743680577244138e-11
6.002029872779872539e-30 3.480932307057081833e-18 8.568074664570250389e-14 3.670431403476732751e-12 1.774356064308482859e-11 1.188890132127716444e-10 4.343482606463735696e-10 1.851994866938209691e-09 7.575276355254983718e-09 2.746585802060852367e-08 8.066237089603605657e-08 1.684546054021353554e-07 2.152666721673301867e-07 1.522369783247396883e-07 6.532352227591017925e-08 2.114139751731567269e-08 6.179364638301717181e-09 1.791886942580566027e-09 5.339117619005287821e-10 1.642614716222942168e-10
5.775887954641863351e-10 3.171460353729030532e-09 1.252290107250954630e-08 5.962640177153048783e-08 2.993746772965781957e-07 1.304006331752761694e-06 4.708821814608744220e-06 1.107686252176609861e-05 1.172344520893439163e-05 6.106779401792916699e-06 1.956319702738740541e-06 4.824696573178576681e-07 1.071753937206868672e-07 2.348818872354559081e-08 5.331656232248361411e-09 1.283749567877370367e-09 3.312409360686662875e-10 9.141684074151922705e-11 2.671416050121411214e-11 8.157469531981765962e-12
8.443107969203436102e-10 4.418610812870860592e-09 1.674314831000876537e-08 7.095396869671517602e-08 2.816207617944102421e-07 9.954226971770687356e-07 2.934953575480609146e-06 6.345795133498351311e-06 8.638473317699164761e-06 7.003607522165924572e-06 3.537978992566179556e-06 1.240214193818288596e-06 3.438226493240663270e-07 8.492290461682516289e-08 2.040267776335515174e-08 5.041347615339639525e-09 1.316366601478782862e-09 3.648306945438675516e-10 1.067646907482520672e-10 3.261720730133058441e-11
1.534603126378261474e-11 8.788479581714901202e-11 4.047213362292747895e-10 2.133300110343333658e-09 8.491310525400631566e-09 4.026587826891812331e-08 2.006586818461513493e-07 9.623311135911110240e-07 3.866709416543461453e-06 9.930519348771993799e-06 1.164996130837491805e-05 6.616370645186555628e-06 2.303112949182759519e-06 6.237999498128606613e-07 1.550171709754820251e-07 3.874773123037120438e-08 1.015614009348474838e-08 2.819114250455006317e-09 8.254311935916055423e-10 2.522186808857179580e-10
4.291383362283741237e-09 1.697666295526714998e-08 6.865791007933394910e-08 2.682503469196999776e-07 9.536846250602412967e-07 2.949788203215173677e-06 7.404728203053492188e-06 1.396180380136407383e-05 1.896939156309498120e-05 1.824929258484365256e-05 1.227909790361146420e-05 5.843006375242762760e-06 2.082070872668343454e-06 6.096857126680356271e-07 1.618959210362230602e-07 4.209573860111028940e-08 1.125142230268635498e-08 3.157283187742554235e-09 9.280572104478544830e-10 2.839591740197077549e-10
1.147958353322227379e-08 4.722959243674815632e-08 2.623920377869393874e-07 2.445074201433879084e-06 1.289805115581168898e-05 5.465623977551275841e-05 1.465275093905243377e-04 1.406671752221203963e-04 6.279244229787945143e-05 1.741383123099997664e-05 3.855275260290691332e-06 7.916987385002575032e-07 1.623926942880131377e-07 3.446065150175257710e-08 7.720693365374082236e-09 1.850218544718814300e-09 4.766464156977562714e-10 1.314777738877842796e-10 3.841439475297781645e-11 1.172961869670087809e-11
2.529605450644802789e-08 9.662300509338359174e-08 3.823848118262200194e-07 1.325025650160544610e-06 3.896455605592727912e-06 8.784905793775388041e-06 1.241687437067911932e-05 1.036520848256841453e-05 5.439540183384506310e-06 2.006926885885272053e-06 5.827733311231228923e-07 1.458008712494459669e-07 3.371321157901313760e-08 7.622919266766126882e-09 1.760188480184999512e-09 4.275867345821087706e-10 1.107994953592095986e-10 3.062862930170403944e-11 8.955431456997166006e-12 2.735151283756069525e-12
8.572068365581519878e-19 2.018439380142590070e-13 1.934938754664758562e-11 1.134418607575480694e-10 6.350752463182466785e-10 2.743110931438638579e-09 1.026279078992111043e-08 3.878597448788081886e-08 1.234683317984604919e-07 2.985062961431185527e-07 4.832386561271431656e-07 4.864409323826257988e-07 3.075629229395860612e-07 1.325652420563310003e-07 4.410456466207138870e-08 1.286396563683414178e-08 3.620405793258941039e-09 1.036300559083261620e-09 3.072609099340038109e-10 9.435650184378149479e-11
1.977356362069416431e-13 4.045632308154598221e-12 1.561543964341379990e-11 9.879595898694673859e-11 3.786795916163328505e-10 1.637811253718375727e-09 7.043517066493383345e-09 2.828401647646909450e-08 9.790459790889690791e-08 2.531115346098588257e-07 3.925586011663783110e-07 3.275882995997160102e-07 1.595903270884551842e-07 5.428352806124087250e-08 1.537401248607107083e-08 4.104632508886963484e-09 1.108083396776548095e-09 3.120267941638816480e-10 9.189192514155522289e-11 2.813560796927796312e-11
7.738930720614118713e-11 4.036038863486947965e-10 1.785805860183683543e-09 6.867158650876964144e-09 2.677422888007100277e-08 9.385666520129737367e-08 2.742150721043188247e-07 5.979183896477123595e-07 8.349667269464017177e-07 6.905350549852436240e-07 3.496153012913276426e-07 1.211903182554680261e-07 3.311655873902836782e-08 8.088734928808937553e-09 1.930869090768685142e-09 4.753572362894912241e-10 1.238806894486461107e-10 3.432068022670923793e-11 1.004274232027895936e-11 3.068033431531568934e-12
6.496216990010593405e-11 2.682802434588639639e-10 1.458786299709714555e-09 5.270619278586455289e-09 2.131104039626691506e-08 7.843440745711582894e-08 2.514339682025875863e-07 6.517923934388079465e-07 1.237891880876738836e-06 1.587422063758459270e-06 1.329720946494724325e-06 7.426236647995739743e-07 2.961149752010052233e-07 9.326825884507425765e-08 2.583960442193982893e-08 6.873428307869116187e-09 1.856640172295628491e-09 5.232800665767208704e-10 1.542134250116101870e-10 4.722954665204149762e-11
6.645432880318934201e-11 2.539154960110241187e-10 1.484855531098105136e-09 5.432237525333193610e-09 2.296140179783723898e-08 9.071257882585706157e-08 3.219023651535683373e-07 9.537442117535023431e-07 2.110669832949126053e-06 3.080249205577136743e-06 2.781870722471147558e-06 1.588672856002689258e-06 6.270528476558494031e-07 1.934799622081336543e-07 5.266002136709714405e-08 1.384469742423049122e-08 3.717074315558785482e-09 1.045086042862189361e-09 3.074568713962899794e-10 9.410097608219283840e-11
3.961987653681471095e-39 1.315322328906454740e-21 5.723233302786729946e-15 1.648488485902348823e-12 1.434489411458568243e-11 8.054938431945185558e-11 3.879718493481540449e-10 1.559670975357617840e-09 7.198445671287252306e-09 3.203361312763291624e-08 1.257610681865262028e-07 3.449291244499597877e-07 4.806632447199018574e-07 3.295179008856719508e-07 1.378093773430657122e-07 4.465162060467565155e-08 1.318242351389797550e-08 3.854294785817168470e-09 1.153510392520006109e-09 3.557692784069520394e-10
1.387249205319447010e-16 6.896859853537249746e-13 1.620302744174724570e-11 6.663027249790319329e-11 4.361171552921372715e-10 1.589124463677247754e-09 6.735969451653361252e-09 2.697599573322590607e-08 9.439640048690462311e-08 2.588122732076758683e-07 4.688531731766461157e-07 4.904636337281339887e-07 2.988913601459317679e-07 1.206291145748327730e-07 3.803055272678787313e-08 1.076057448947301950e-08 2.988331282919685835e-09 8.510765820242672828e-10 2.520128256991316706e-10 7.735917893391665980e-11
9.602697323560904951e-23 3.340237646835054991e-15 2.037409866364510497e-12 2.278389236952761856e-11 1.049618079154073038e-10 6.098257947657599619e-10 2.271694180588464196e-09 1.030901846426304052e-08 4.491851420465551219e-08 1.802023851150437054e-07 6.025642915227095558e-07 1.452449278190183978e-06 2.238494374676482824e-06 2.118585200537602096e-06 1.286479507435911717e-06 5.602883102622761358e-07 1.996502373390473608e-07 6.476360182880448586e-08 2.039075711039614895e-08 6.433711049558722748e-09
3.459839415985614379e-08 1.594228355675951579e-07 8.099283681337155423e-07 3.210819624280989482e-06 1.068012195636496199e-05 2.613419845605574824e-05 2.820677355920664405e-05 1.501903566926849103e-05 4.835330641985854636e-06 1.173662421728866170e-06 2.504271366822103811e-07 5.123971756480553972e-08 1.053974229141798393e-08 2.242580359950258606e-09 5.030323983378523262e-10 1.205993391424592831e-10 3.107267468858649587e-11 8.571450507675878717e-12 2.504392355709439026e-12 7.647057462615658551e-13
1.120018866470981937e-09 6.258833363393318689e-09 2.382145475968217279e-08 1.050556525156331523e-07 4.469085037124881086e-07 1.713280051601043911e-06 5.519540464959505033e-06 1.290949241039250662e-05 1.732952178000149213e-05 1.247456238690681706e-05 5.277608077028099107e-06 1.556470629471733949e-06 3.799713550597712229e-07 8.693808517026710674e-08 2.009028343303414688e-08 4.875679303669541575e-09 1.261995462512064415e-09 3.486718818774714778e-10 1.019274627111513280e-10 3.112844158308198381e-11
1.495410090480443310e-13 1.613117084555233941e-11 9.692094953800909963e-11 4.844516073178293857e-10 2.398008959269583796e-09 9.444048800492105364e-09 4.193757178485558746e-08 1.784295671612391086e-07 6.865724260729997863e-07 2.138938890413181624e-06 4.492797729649882764e-06 5.410692344202190892e-06 3.680662211321338047e-06 1.596166111290698590e-06 5.246266522694991343e-07 1.518490260830528117e-07 4.265972287975900177e-08 1.221820129722895348e-08 3.628088262996104151e-09 1.114877085592591076e-09
2.740239792388378124e-16 1.564430265430881431e-12 3.864257581943209698e-11 1.594566430643586505e-10 1.038226899471667010e-09 3.734663273299976559e-09 1.534286916968499701e-08 5.855485063327233354e-08 1.917918500808265701e-07 4.905214315171839484e-07 8.753663848802832734e-07 1.010712555227437273e-06 7.385627579874640345e-07 3.538833462785258249e-07 1.241136676481271171e-07 3.688402429240284973e-08 1.043214909776695141e-08 2.988961466099667345e-09 8.862528877210064318e-10 2.721642861793700052e-10
9.720058383870862251e-10 5.391148418595350470e-09 2.298253767555553699e-08 9.432649147714239561e-08 3.969678908515372661e-07 1.544559901463943999e-06 5.165972244011273025e-06 1.337796878096217723e-05 2.155908848069029512e-05 1.836850658863937197e-05 8.644479988425347576e-06 2.674130698827674984e-06 6.618800756243589991e-07 1.516298756652264424e-07 3.498035839702867591e-08 8.474390603146349294e-09 2.192036242204767631e-09 6.055372381626872774e-10 1.770106723515672876e-10 5.405815708129756054e-11
1.519395043395806915e-10 8.751124232331686172e-10 3.162019510485074732e-09 1.269582366462640532e-08 4.661905518976257433e-08 1.503008462753036950e-07 3.979447176778079273e-07 7.818669454962484746e-07 1.041442920442206194e-06 9.073939869179269391e-07 5.262861995674363304e-07 2.154766430052859817e-07 6.806359347226026754e-08 1.836764176026339587e-08 4.644765574077365758e-09 1.177028675765349906e-09 3.109313223362687777e-10 8.669873409328965038e-11 2.542477426924669243e-11 7.772941148889029445e-12
2.058855439154371570e-11 7.395574022561924304e-11 4.416084949868166065e-10 1.738285185772201182e-09 7.334460169843557456e-09 3.025830882715292940e-08 1.149539481128009871e-07 3.770564068446540572e-07 9.630727428576309717e-07 1.658919677265907175e-06 1.738983977463862557e-06 1.108862816827116121e-06 4.696401939920107101e-07 1.508777243038955038e-07 4.194500709043253456e-08 1.114323018968457619e-08 3.005715111874096968e-09 8.468621974635869171e-10 2.493790788491046406e-10 7.635070165719337863e-11
7.877345816692190279e-11 3.990388351500829060e-10 1.811406696828893558e-09 6.882827072938067242e-09 2.717288707010739329e-08 9.785981672689995680e-08 3.070814714904139810e-07 7.867923077459034310e-07 1.532155218872758708e-06 2.150716834600629244e-06 2.109786897322581395e-06 1.432089285644644385e-06 6.890364112977576362e-07 2.515769849171429214e-07 7.688607858767775475e-08 2.165210559791529790e-08 6.020755233683273812e-09 1.719817251207068183e-09 5.106316944442375360e-10 1.567448809111338799e-10
5.781157239586274273e-10 2.872812892407876006e-09 1.147976484114796593e-08 5.188091895846654392e-08 2.288894068776218707e-07 8.781921292472144516e-07 2.791076395320755153e-06 5.821289598805437939e-06 6.221744894182408211e-06 3.544286544376829704e-06 1.264236954833377835e-06 3.391847311585311692e-07 7.931225855387031649e-08 1.783634436114587307e-08 4.097484030734350436e-09 9.921616845129237683e-10 2.565029976877883598e-10 7.083683362812890241e-11 2.070465099156073504e-11 6.322843140196757370e-12
7.097915726727894596e-10 3.412852001739371893e-09 1.386389144015071767e-08 6.300929507564516741e-08 2.811032051217128394e-07 1.098414642956019304e-06 3.564581422235607174e-06 7.758431351123984475e-06 8.873383999640880069e-06 5.448569602287047048e-06 2.075493348342348569e-06 5.834612469079796461e-07 1.402913748882077504e-07 3.200312564466660075e-08 7.399722643996440760e-09 1.797706626862121645e-09 4.652932686756170353e-10 1.285469284357791890e-10 3.757732906996935051e-11 1.147594735965356153e-11
2.605061581221350067e-09 9.944102931489562489e-09 4.258007431006549465e-08 1.741510919336535223e-07 6.395278803501295349e-07 1.998996845828325096e-06 4.782601633367123619e-06 7.273014121849919161e-06 6.526203175638965719e-06 3.604815313468591491e-06 1.353145799694197946e-06 3.887698711651040476e-07 9.585831145921368492e-08 2.224098104211462803e-08 5.186769719787575327e-09 1.266074695666621423e-09 3.283387574014095033e-10 9.077194594046370053e-11 2.654080151497542343e-11 8.106043561509494936e-12
7.644214087910293434e-12 4.284404877131595675e-11 1.962090622183631722e-10 1.003788951591892939e-09 3.716720191143161313e-09 1.523798791033369771e-08 5.742849124385916835e-08 1.906003571097887287e-07 5.223367634628175463e-07 1.098497385704465748e-06 1.663438541354194635e-06 1.730631020244729709e-06 1.216976509883602084e-06 5.990492676417239088e-07 2.250995109357120227e-07 7.193849968813676839e-08 2.145385236789144333e-08 6.334650571821130860e-09 1.909213035704399136e-09 5.911790459984452618e-10
1.063159990634424404e-09 4.673360932061711577e-09 1.891980773647108465e-08 7.889196088080731709e-08 3.063799477979421875e-07 1.048222396215096508e-06 2.948697803894477809e-06 5.954787222662133022e-06 7.584423960081934616e-06 5.895689362233063123e-06 2.935232367495297079e-06 1.032060814003966847e-06 2.886781202189422122e-07 7.184589531290372140e-08 1.733904943660930312e-08 4.296184649300777796e-09 1.123417353553294960e-09 3.114447471701500628e-10 9.114942618080840319e-11 2.784739550825229801e-11
1.037011606080737962e-21 5.424740039752090858e-15 1.633186889962434139e-12 1.418317208399470990e-11 6.840758392720990333e-11 3.552107714514201898e-10 1.251936373507383400e-09 4.933051797354552525e-09 1.698668398513241485e-08 4.849590656317402464e-08 1.083971394406090980e-07 1.856118656842709819e-07 2.477246356405006151e-07 2.645675813784073693e-07 2.262322555624794109e-07 1.511113626896581418e-07 7.849841518709453244e-08 3.314125664256659306e-08 1.221048580427741298e-08 4.182551519772035584e-09
9.387072444889504350e-10 4.305613443054761462e-09 1.643008784528357622e-08 6.522994967460367712e-08 2.371901543703549367e-07 7.579841298990996501e-07 2.000118115174482736e-06 4.010957742183590612e-06 5.739891104256006189e-06 5.698768442900099616e-06 3.910510166805218221e-06 1.895381071137966569e-06 6.873650366396940909e-07 2.039638122174709633e-07 5.458375152588766892e-08 1.424550666265507065e-08 3.816219337682555738e-09 1.072039447303734258e-09 3.151468306553081307e-10 9.642718632914427858e-11
9.943162331611736871e-14 6.983818655617991456e-12 3.646016432021787469e-11 1.941633007371301865e-10 8.877852663155817458e-10 3.489560787079657146e-09 1.467548784779631629e-08 5.732888925978344756e-08 1.976949869317945813e-07 5.554408789292868986e-07 1.150998016988098528e-06 1.609521325492353959e-06 1.453646308453118791e-06 8.674591841568265799e-07 3.727138353759692802e-07 1.295306743288589327e-07 4.052405145941053286e-08 1.226510642816953499e-08 3.736861166574210709e-09 1.163718980310376152e-09
5.381543518733188141e-28 2.258733656842008943e-17 2.025653719031494786e-13 6.003407954294077718e-12 2.720153267049362084e-11 1.839631135510633145e-10 6.670221906002095663e-10 2.949137580633036759e-09 1.304545979670673723e-08 5.273770050631083648e-08 1.793418382778099323e-07 4.375291539199405925e-07 6.601343664576497618e-07 5.962277597032766426e-07 3.476463860255329468e-07 1.483279890904024662e-07 5.252859257184621226e-08 1.703090382367313609e-08 5.366394043809831691e-09 1.694484026700190925e-09
3.291344184682751665e-19 5.323013363261522573e-14 4.446252498560563352e-12 2.495911836429956842e-11 1.438369001999215003e-10 6.197166544577932363e-10 2.476356257301088130e-09 1.034594607939797975e-08 3.961075933899182583e-08 1.314233055514681784e-07 3.478910888383304279e-07 6.733944602527006354e-07 8.914920083652988163e-07 7.859426464300633750e-07 4.744463064672062316e-07 2.124250039422155837e-07 7.822470191480465024e-08 2.600561130103683606e-08 8.306222829450966600e-09 2.640218393575802808e-09
2.328212922141624938e-21 8.164296410724446876e-15 2.119003013062073952e-12 1.747319554673527338e-11 8.686154969217290424e-11 4.490744441275865993e-10 1.698577916325670729e-09 7.344681025990749200e-09 2.946993271993150109e-08 1.042996353108648904e-07 2.976294770550377203e-07 6.179450630536666666e-07 8.665827394725355982e-07 8.008646360945210102e-07 5.024086856558368634e-07 2.315709472870870167e-07 8.695400825636372124e-08 2.924652023682400268e-08 9.399206850810173035e-09 2.996087784040952837e-09
3.047047555389191482e-09 1.182367036687152038e-08 5.105643691175236313e-08 2.143540636007966365e-07 8.044460558860287197e-07 2.549239971153014308e-06 6.086027087098157934e-06 8.531999879314229628e-06 6.584101074311186002e-06 3.047925589356419648e-06 9.764612745139683816e-07 2.500086381967889769e-07 5.742545597065798409e-08 1.283299735244727487e-08 2.941823094404287183e-09 7.117982449333108396e-10 1.839733031678907933e-10 5.080242972857360876e-11 1.484845165195742795e-11 4.534419709445458090e-12
0.000000000000000000e+00 1.583012473374783114e-90 5.668651282795726361e-42 5.275766568114652298e-23 8.729975593521137958e-16 4.359031346387576580e-13 4.837558692095859395e-12 3.409555642221863763e-11 1.487250619247024911e-10 7.196592252399332860e-10 5.048780761790434593e-09 4.783025063685340029e-08 3.525374970224095058e-07 9.242296886933596686e-07 8.818868542465376617e-07 4.558032502780100592e-07 1.729413472516411021e-07 5.744250635589136319e-08 1.825303311034784784e-08 5.779563503382534387e-09
1.095947957743368964e-21 6.440599303259345971e-15 2.024666872752104281e-12 1.786862484120312626e-11 8.734695993683273101e-11 4.668264268554638533e-10 1.789605256814665357e-09 8.092658928277571779e-09 3.527737238235067070e-08 1.417688379509971043e-07 4.708372762503779808e-07 1.079401589312788023e-06 1.465127212341140603e-06 1.162814902095403824e-06 5.985310701989010347e-07 2.313024394064265713e-07 7.667516884063487460e-08 2.390918460847535393e-08 7.382365963696069014e-09 2.312731001965370013e-09
5.952354526794169090e-11 2.183547508462168717e-10 1.320586094656519416e-09 4.873411015807811455e-09 2.089222320042302455e-08 8.533401672537439266e-08 3.187253454445325764e-07 1.020368100598354993e-06 2.522687417850613772e-06 4.210328197035763273e-06 4.338615478306746930e-06 2.764233560536771046e-06 1.180338679255642768e-06 3.827788577697109359e-07 1.071569548071376853e-07 2.858310966945517349e-08 7.726029569468694441e-09 2.179283460276510403e-09 6.419836962917909114e-10 1.965761112686988609e-10
8.899792450066276698e-15 3.036993065730697789e-12 2.720280319972029319e-11 1.166649928471881991e-10 6.702660965348204729e-10 2.413735909166836142e-09 1.018736356702653990e-08 3.963509230356275146e-08 1.363796338216112383e-07 3.877531601018937649e-07 8.425021009342188704e-07 1.307062257377230081e-06 1.382765548922330878e-06 9.889311042039938396e-07 5.003500344553521222e-07 1.963316977444356051e-07 6.631827045805027030e-08 2.095905549982855732e-08 6.519419250846056855e-09 2.048059249613508365e-09
2.306213964477545098e-09 9.660628565913536699e-09 4.322898858784496059e-08 2.181508641621193156e-07 1.009358712656175639e-06 3.654038508080221653e-06 1.043722802461280103e-05 1.329380768776958463e-05 7.827796989665869353e-06 2.650976935701837932e-06 6.583290992300200622e-07 1.429220267135281430e-07 3.001909591467343775e-08 6.433295587570029259e-09 1.446570416131246610e-09 3.470843568896592308e-10 8.945007413098325133e-11 2.467701195783714008e-11 7.210283714680787743e-12 2.201649397392333386e-12
8.596719199305526680e-10 4.387962499098621890e-09 1.663666234406376753e-08 6.962885494763251669e-08 2.717867916383298854e-07 9.457291115991896676e-07 2.754650438606529020e-06 6.001130763836567768e-06 8.648387003787144794e-06 7.811024734303877715e-06 4.510936383330194441e-06 1.793995499411337597e-06 5.471400832855383513e-07 1.435557505343342291e-07 3.563992307680620021e-08 8.945207164011717334e-09 2.354432416141517321e-09 6.545646285294919800e-10 1.917547602757043823e-10 5.860269472525774479e-11
8.126944990502778769e-14 7.708247842177168737e-12 4.436292721051782027e-11 2.254236518106384766e-10 1.086153762221017185e-09 4.222954805978277955e-09 1.803241252320956607e-08 7.174322190237060586e-08 2.510921110197932955e-07 6.995008584102786977e-07 1.349840455788771141e-06 1.616365941658450492e-06 1.184082651160861384e-06 5.732512577057445512e-07 2.082511757344212960e-07 6.462214096494993861e-08 1.890389501810753419e-08 5.524377602935073350e-09 1.656526485568775617e-09 5.114047578908313197e-10
4.007801832422064490e-09 1.515677331261067634e-08 6.306672546721593558e-08 2.477776151692372259e-07 8.812651602175693808e-07 2.707042455572034421e-06 6.625660845248691514e-06 1.173517854381174268e-05 1.432467103459988737e-05 1.198169976565465978e-05 6.965954618954518259e-06 2.919620141119144153e-06 9.453375789192902795e-07 2.597037314095902570e-07 6.633968574618611045e-08 1.689690912014672316e-08 4.479484640085485719e-09 1.249990422674248401e-09 3.666065851582006969e-10 1.120829520979644090e-10
2.272161430614142942e-25 2.806118996982563070e-16 6.564378278771397887e-13 1.193313878663821421e-11 5.212369861484097015e-11 3.376227800037434529e-10 1.200489476682324372e-09 5.321573376291613264e-09 2.237518522005209517e-08 8.644086367870315399e-08 2.874171581395672362e-07 7.476231297916591099e-07 1.373702827965439534e-06 1.661078753385043785e-06 1.308739329860977763e-06 7.128502402108404810e-07 2.979752910078877195e-07 1.065636982626023591e-07 3.536309042704381592e-08 1.144032762815391642e-08
1.953954468507002137e-10 1.068607513878126666e-09 4.749952937523625133e-09 2.052878653967218221e-08 1.031036159105202382e-07 5.421518587070211911e-07 2.185289171399953141e-06 7.110758491686245818e-06 9.638171027820284850e-06 5.512468594273327741e-06 1.762635194088917545e-06 4.218830627262568021e-07 9.146652281114340116e-08 1.978103474220959040e-08 4.460054637989885878e-09 1.071046522142744525e-09 2.761041425100162318e-10 7.617686221019025149e-11 2.225846782351658660e-11 6.796653223476458083e-12
3.722914214369344451e-09 1.441726315920345270e-08 6.092369052537985904e-08 2.486496482207607015e-07 9.285839397698191864e-07 3.015584262415529651e-06 7.859147797220690534e-06 1.449310513060646878e-05 1.747576614283461358e-05 1.365206396381067401e-05 7.147464391772256739e-06 2.681426622727226568e-06 7.922466118145300748e-07 2.044837242554101571e-07 5.035068501609877522e-08 1.259663434145800887e-08 3.310778339508196525e-09 9.195696557845711676e-10 2.692977055443711315e-10 8.229142037591332792e-11
3.821566206732370072e-43 3.803013675393813470e-23 1.569899333332652992e-15 1.046308353239470175e-12 1.227433864175697274e-11 6.418403409009217668e-11 3.492112075550106426e-10 1.370057500095094081e-09 6.646268792212901938e-09 3.254406901187696589e-08 1.494786385448217777e-07 5.170801165230657868e-07 9.902505412852242831e-07 9.768823423639264570e-07 5.720352101434868725e-07 2.389736455736545614e-07 8.290748538079966401e-08 2.651380570493374290e-08 8.291297339297840539e-09 2.608669348929960864e-09
6.975449301124852850e-09 2.668675749524873392e-08 1.154852578684941257e-07 4.733486913320339538e-07 1.741122065736485449e-06 5.481860136312414766e-06 1.330940206683863681e-05 2.170855914859843092e-05 2.267028331617055396e-05 1.548254082655744601e-05 7.272340630852211732e-06 2.524702764596137146e-06 7.101283937508590934e-07 1.781978020506685994e-07 4.324672904019109763e-08 1.075181559281374770e-08 2.816685274109725218e-09 7.812136278314002058e-10 2.286670046072819617e-10 6.986406437512919808e-11
1.334507231390600255e-08 5.827231697125271332e-08 3.194508834786156942e-07 1.856562011623486432e-06 7.618802008910238004e-06 2.775696680652160674e-05 5.804629963841422533e-05 5.615804800379398728e-05 2.923844072741816355e-05 9.918461848942877773e-06 2.594596649993489311e-06 5.917421416695398015e-07 1.280683951678845863e-07 2.787171014368168590e-08 6.314870046908409717e-09 1.518908502289032319e-09 3.917675803611422542e-10 1.081072462007553278e-10 3.159015781809325587e-11 9.646277080942034863e-12
2.978635453409550247e-10 1.747197247931382668e-09 7.218671850933418337e-09 3.261650341847493740e-08 1.655004600367640033e-07 8.728950482427025449e-07 3.663736622522294317e-06 1.232799626731705255e-05 1.950759757844350699e-05 1.340998952994108321e-05 5.006781128285277533e-06 1.323197379067954712e-06 3.018946758950262344e-07 6.679119570822358167e-08 1.520894560693671670e-08 3.665942225408227430e-09 9.462459123459916409e-10 2.611779912211418319e-10 7.632525562890661263e-11 2.330706206088569385e-11
1.231771120730664338e-12 2.694351991716599359e-11 1.047791397269837076e-10 6.582181989240819098e-10 2.519132945656964579e-09 1.065991356160715608e-08 4.427914710239261120e-08 1.688844457874595765e-07 5.523637188941278649e-07 1.388079289311784822e-06 2.346669123826336786e-06 2.454697305842925521e-06 1.599274955175059027e-06 7.059988779090894909e-07 2.398022830155025423e-07 7.120783015562050968e-08 2.029753932714648073e-08 5.853647947723245038e-09 1.745055901500560128e-09 5.368740582857429573e-10
5.031395401674684017e-13 1.875806913816283235e-11 8.188265010105635561e-11 4.876100562857540050e-10 2.067052412858521124e-09 9.149448204104498658e-09 4.776823769593123686e-08 3.198833449645462057e-07 1.671974720913168887e-06 6.170702651474241506e-06 7.218612949797822108e-06 3.367193504670924074e-06 9.594217873740169484e-07 2.283566155522687814e-07 5.313033064213919707e-08 1.288892582095222185e-08 3.333509722046850147e-09 9.206843169330693508e-10 2.691111711193229739e-10 8.218263089681373671e-11
2.879316629485334448e-09 1.170950977669469203e-08 4.673540487382453751e-08 1.828974852097332315e-07 6.532354852678384072e-07 2.037981526788341947e-06 5.202945035189492045e-06 1.009100975791734108e-05 1.427902387905965389e-05 1.456561807238607111e-05 1.062379535812355260e-05 5.535763253845545565e-06 2.132731697503590338e-06 6.583115461829743299e-07 1.801094831145371386e-07 4.753227730988111821e-08 1.279359777433362895e-08 3.602334435405979744e-09 1.060083697932303307e-09 3.244793623356637731e-10
1.592985320136158074e-11 8.951334699455426567e-11 4.148928208944131814e-10 2.160508588741813768e-09 8.496894755094838941e-09 3.885271930802266801e-08 1.772267859746207429e-07 7.566544581644875126e-07 2.715368495866100124e-06 6.615177416430130130e-06 8.484388304876621035e-06 5.653489060710103163e-06 2.286137092119908838e-06 6.852095182432403649e-07 1.800528951101865396e-07 4.621185928234087212e-08 1.225466903727519520e-08 3.419999813215566568e-09 1.003335929652579424e-09 3.067844172586743797e-10
1.002523721978862544e-13 1.015070257261414073e-11 5.971359141780793703e-11 3.012984221588723567e-10 1.475500376909784918e-09 5.821634491920959293e-09 2.577748269852075273e-08 1.097019584984334856e-07 4.273180522406504962e-07 1.384200387386939097e-06 3.192708147679918384e-06 4.521031187669171430e-06 3.779210510658431712e-06 1.996206165148248412e-06 7.567527754931768912e-07 2.377940541909139230e-07 6.957021418049378981e-08 2.029023927396915905e-08 6.075732820212586882e-09 1.872919446646936545e-09
2.910678100481363423e-27 6.337968479573121231e-17 4.421339419225942567e-13 1.195767011148179433e-11 5.369384703387090235e-11 3.639025099398789295e-10 1.333407787439443935e-09 6.316450028912674361e-09 3.048260052873319963e-08 1.462422334928189276e-07 6.215986719029136736e-07 1.841859465290552969e-06 3.024673917818631681e-06 2.713202271557557322e-06 1.497469778922613184e-06 5.948545360673516655e-07 1.978820770557119901e-07 6.146289128985116816e-08 1.891722528431557754e-08 5.910955200457411592e-09
3.618520747762749270e-09 1.432237514575435863e-08 5.695810564690204746e-08 2.177116283251015798e-07 7.504901223766596811e-07 2.225861310865395975e-06 5.271744109597462827e-06 9.239844600395844790e-06 1.164204382375296393e-05 1.060490770902030572e-05 7.052041208248747289e-06 3.440078351385361270e-06 1.257320600676231709e-06 3.711835818823233433e-07 9.834834588732534741e-08 2.551697819883732730e-08 6.796376286301014845e-09 1.901932926445947661e-09 5.589154994028948999e-10 1.710060992562752778e-10
1.759025671454918528e-08 1.075721331039957652e-07 1.827288855875430761e-06 1.049008722921872412e-05 4.278321759574720690e-05 1.364234177617630270e-04 1.537971926995397609e-04 7.843511983560189462e-05 2.334389444371614823e-05 5.259023453788422731e-06 1.064421217727190827e-06 2.113788150547542681e-07 4.285515835635967122e-08 9.057709202195319867e-09 2.026616430840799518e-09 4.854568694149746627e-10 1.250442076249948659e-10 3.449054867045153044e-11 1.007709699223284214e-11 3.076970131734867021e-12
1.910154798398765353e-07 3.093589025429966431e-06 1.640468919888607929e-05 5.928739293390173493e-05 2.003884761684058592e-04 2.434997194253101177e-04 1.364504441825073271e-04 4.410744462170829627e-05 1.064620315934348875e-05 2.303502860889771952e-06 4.869668125636356832e-07 1.026514073948545111e-07 2.175920177397184018e-08 4.730036928124784558e-09 1.072600957528169608e-09 2.579800889680472184e-10 6.653586090965496409e-11 1.836211523397886843e-11 5.365785590515256477e-12 1.638497211252574015e-12
3.565873377727896480e-30 5.204647846703220707e-18 1.829653407096753583e-13 8.928691214317737765e-12 4.454106584209349932e-11 2.981275670198494719e-10 1.121697255862193552e-09 4.918848960956007941e-09 2.131693463220542075e-08 8.396162856443947081e-08 2.720480837583867524e-07 6.314763569174480704e-07 9.591486204705600807e-07 9.416918554953319663e-07 6.162075505625166880e-07 2.867483799718786086e-07 1.058698284570081886e-07 3.480580443084539759e-08 1.100357111057443151e-08 3.475698828452105875e-09
4.449284796676227613e-11 1.791500301488592172e-10 1.007177081134785559e-09 4.328972023162116366e-09 1.785662380138597904e-08 7.713502377246908646e-08 3.173909435541514448e-07 1.175854221116168130e-06 3.587696169134432121e-06 7.811032813571277736e-06 1.054786382164771699e-05 8.343419134630968161e-06 4.020083325095749690e-06 1.355507279314034735e-06 3.799491586039011135e-07 1.006790882367024565e-07 2.706019437893524471e-08 7.598083220366130985e-09 2.236091901029536768e-09 6.844232748488175538e-10
5.584697407635384123e-11 2.143552398634207862e-10 1.260194693290224804e-09 5.320838292244734126e-09 2.359903809990327842e-08 1.163767295800408633e-07 6.140837209247891937e-07 2.913419004009693695e-06 1.104028201865026188e-05 2.287373803743550694e-05 2.052507309118624149e-05 9.265819855154516598e-06 2.758397993100470763e-06 6.840526139440095277e-07 1.628693654955748383e-07 3.996351394684029526e-08 1.038684113969629133e-08 2.873927380834543071e-09 8.405472254934499438e-10 2.567426906757639853e-10
2.856613892318692994e-18 2.101418864146312012e-13 1.315753744056557682e-11 6.774197296147114047e-11 4.099034983337966815e-10 1.724403877363776708e-09 7.412148051471222289e-09 3.423898563057907569e-08 1.556480188491885180e-07 6.506030577248021101e-07 2.165889169968087803e-06 4.678313469737476229e-06 5.795275560699252470e-06 4.057107929696002680e-06 1.786670498616185662e-06 6.004799224728593416e-07 1.809099342014478297e-07 5.344551362213032864e-08 1.606788120624871147e-08 4.965435263963649056e-09
9.462787774538333406e-10 5.450918371958777348e-09 1.918941722792569817e-08 7.386758187675234117e-08 2.569016971284103991e-07 7.776116220848460136e-07 1.926861430920037641e-06 3.674571925725097104e-06 5.271227214178442173e-06 5.772106395411609501e-06 4.921539205797901686e-06 3.180582950762363398e-06 1.465649944767871902e-06 5.024249174864616268e-07 1.450445107745025305e-07 3.935127091643087228e-08 1.073289114132205987e-08 3.034179108003333577e-09 8.958408488591622621e-10 2.747023427040210321e-10
