-6.593771527818859113e+00
-6.772338304316838808e+00
-6.527025687692768585e+00
-6.116663410730859951e+00
-5.664687198348659081e+00
-5.184593605098248403e+00
-4.686772270133111817e+00
-4.156996175995939957e+00
-3.574652923052167086e+00
-3.001560846403899419e+00
-2.689376012009993655e+00
-2.751748814300003065e+00
-2.872296297905436724e+00
-2.987823622719607108e+00
-3.095778196021877537e+00
-3.200917230290975635e+00
-3.303311381000608282e+00
-3.394866898196059690e+00
-3.470367361178060328e+00
-3.526162205705217545e+00
