-6.593771527818838685e+00
-6.772338304293497480e+00
-6.527025687702209922e+00
-6.116663410724764383e+00
-5.664687198297595927e+00
-5.184593605098215541e+00
-4.686772270150315833e+00
-4.156996176006778398e+00
-3.574652923145477335e+00
-3.001560846477038691e+00
-2.689376011997403282e+00
-2.751748814204205029e+00
-2.872296297896173467e+00
-2.987823622770712451e+00
-3.095778195583748005e+00
-3.200917159439395920e+00
-3.303308998182433953e+00
-3.394858887806256664e+00
-3.470361487501568920e+00
-3.526156901029169788e+00
