-6.593771492041181403e+00
-6.772338251439807166e+00
-6.527025478148190452e+00
-6.116662799695560260e+00
-5.664685835540854697e+00
-5.184589458185861588e+00
-4.686760585150106628e+00
-4.156963600205760834e+00
-3.574514056676952212e+00
-3.000943493157816722e+00
-2.688756143570440127e+00
-2.751625083034541230e+00
-2.872266801971066208e+00
-2.987815187030210318e+00
-3.095775467378639512e+00
-3.200916277490613471e+00
-3.303311037876754508e+00
-3.394866777251532408e+00
-3.470367320154564617e+00
-3.526162185093840495e+00
