-3.149052020021125387e+00
-3.411819966996025855e+00
-3.238777890472735788e+00
-3.382865156814622409e+00
-3.660519284588089395e+00
-3.922908873164032695e+00
-3.855191278305784675e+00
-3.908796373113337719e+00
-3.936850726952394908e+00
-3.939400880793264115e+00
0.000000000000000000e+00
0.000000000000000000e+00
0.000000000000000000e+00
0.000000000000000000e+00
0.000000000000000000e+00
0.000000000000000000e+00
0.000000000000000000e+00
0.000000000000000000e+00
0.000000000000000000e+00
0.000000000000000000e+00
0.000000000000000000e+00
0.000000000000000000e+00
0.000000000000000000e+00
0.000000000000000000e+00
0.000000000000000000e+00
0.000000000000000000e+00
0.000000000000000000e+00
0.000000000000000000e+00
0.000000000000000000e+00
