-2.898726440949041638e+00
-2.245040915876824528e+00
-1.491182926489290628e+00
-7.211114878426250208e-01
-3.941099781969878424e-01
-3.902588697121501249e-01
-4.809094750412008512e-01
-5.949872402419281725e-01
-6.969625119624356380e-01
-7.631847072031170409e-01
-7.707917882218061623e-01
-7.413478053913520327e-01
-6.893852369071192809e-01
-6.549708417929891446e-01
-6.297012158494866840e-01
-6.135349979453817992e-01
-6.052319170767275214e-01
-6.009395544311819659e-01
-5.987291151854271520e-01
-5.975911821833621573e-01
