-8.695797027490007602e-01
-4.145828336699489136e-01
1.513924684930138542e-01
9.034023567186841852e-01
1.584776230120762852e+00
2.126223989975460693e+00
2.434068102718083715e+00
2.527448280836738004e+00
2.484624342214491133e+00
2.373213365601003044e+00
2.235427480551814394e+00
2.068169408232070072e+00
1.911658252337675279e+00
1.749375247404646450e+00
1.608211987682937494e+00
1.487035464204332857e+00
1.400865900147266085e+00
1.342231862167631240e+00
1.311984477506344948e+00
1.295741749797532316e+00
