-5.982581796298641841e+00 -5.982581796298641841e+00 -5.982581796298641841e+00 -5.982581796298641841e+00
-3.910327445374199851e+00 -3.852656538033129685e+00 -3.922345083447540404e+00 -3.812435709752392210e+00
-3.858125732866191981e+00 -3.728038987037151308e+00 -3.885974187902399901e+00 -3.694454287005386917e+00
-3.811207164000102399e+00 -3.643536321491397167e+00 -3.851648213661163389e+00 -3.606607104515392681e+00
-3.781085186770843709e+00 -3.570611763402610439e+00 -3.803158346320018701e+00 -3.547949457434118159e+00
-3.759477889092905034e+00 -3.517190296712815023e+00 -3.775704159777908853e+00 -3.487044012103884594e+00
-3.736350621701010066e+00 -3.476640179239824047e+00 -3.758645374474152590e+00 -3.450918628552500422e+00
-3.711958109091261448e+00 -3.449324195201902921e+00 -3.746853168434515879e+00 -3.408175949912668479e+00
-3.694897248108587995e+00 -3.413932529691801054e+00 -3.731869247045935367e+00 -3.377483110174520853e+00
-3.682670771502736695e+00 -3.385189209777599295e+00 -3.722047493230859594e+00 -3.357229092112829605e+00
