-7.253560475624948545e+00
-7.168863576828760742e+00
-7.053911350047847861e+00
-6.915867724780007997e+00
-6.779403353170724955e+00
-6.642099054985322937e+00
-6.498709444938917557e+00
-6.359075880607690578e+00
-6.218961201561688412e+00
-6.076283735995569479e+00
-5.942138043197818575e+00
-5.795984649314564585e+00
-5.660489944401644102e+00
-5.520068812832085392e+00
-5.381523513179950591e+00
-5.249897629274368427e+00
-5.110291356005103758e+00
-4.979014058808106213e+00
-4.852170772717284031e+00
-4.726524070801996658e+00
-4.602316201160358666e+00
-4.490396631603513100e+00
-4.382972799444114109e+00
-4.287906785662682907e+00
-4.200051613103652492e+00
-4.129051570459515652e+00
-4.063869235956977022e+00
-4.010177957830349804e+00
-3.968515365206236378e+00
-3.937685469371270841e+00
-3.908188734352872729e+00
-3.887609551183814460e+00
-3.874395366611311342e+00
-3.863743340473829502e+00
-3.857620404674731773e+00
-3.851666696411694346e+00
-3.848986930754638713e+00
-3.845468666383874634e+00
-3.843909701578551719e+00
-3.840528886226324268e+00
