-6.882821917333866502e+00
-7.003723719288147187e+00
-7.037041236907527697e+00
-6.969192454211757592e+00
-6.854869958824044929e+00
-6.720891327126039982e+00
-6.581876651249599419e+00
-6.447523380134807525e+00
-6.301996334760546326e+00
-6.163829976210528194e+00
-6.023283412018613170e+00
-5.881049276489902056e+00
-5.746702139082760397e+00
-5.600674861648478498e+00
-5.464224986355614710e+00
-5.324798764792465278e+00
-5.185853381210187685e+00
-5.052622898878516011e+00
-4.915209432468146566e+00
-4.781286215435231135e+00
-4.655466822248385483e+00
-4.528029507417532962e+00
-4.405175326236963507e+00
-4.290128805005758217e+00
-4.183543962014081963e+00
-4.085518620526528366e+00
-3.997652090477803455e+00
-3.923363954967261424e+00
-3.859000491368119512e+00
-3.802550327767001193e+00
-3.760971590910717310e+00
-3.726448330018664823e+00
-3.696955713078144523e+00
-3.677484248975113168e+00
-3.663510641861008832e+00
-3.653864278982671188e+00
-3.646810668146996726e+00
-3.639722502383163860e+00
-3.634186106606806632e+00
-3.630014951638705689e+00
